|time|mat_size|power|num_th|blk_size
0|80.87|2048|2|1|4.0
1|77.01|2048|2|1|8.0
2|84.37|2048|2|1|16.0
3|79.17|2048|2|1|32.0
4|76.8|2048|2|1|64.0
5|62.74|2048|2|2|4.0
6|38.62|2048|2|2|8.0
7|46.74|2048|2|2|16.0
8|41.71|2048|2|2|32.0
9|39.05|2048|2|2|64.0
10|41.05|2048|2|4|4.0
11|50.92|2048|2|4|8.0
12|44.48|2048|2|4|16.0
13|41.51|2048|2|4|32.0
14|38.76|2048|2|4|64.0
15|41.11|2048|2|8|4.0
16|56.14|2048|2|8|8.0
17|48.99|2048|2|8|16.0
18|39.95|2048|2|8|32.0
19|39.03|2048|2|8|64.0
20|47.71|2048|2|16|4.0
21|44.46|2048|2|16|8.0
22|45.84|2048|2|16|16.0
23|41.19|2048|2|16|32.0
24|39.08|2048|2|16|64.0
25|122.27|2048|3|1|4.0
26|116.07|2048|3|1|8.0
27|127.51|2048|3|1|16.0
28|119.42|2048|3|1|32.0
29|115.63|2048|3|1|64.0
30|82.41|2048|3|2|4.0
31|90.91|2048|3|2|8.0
32|87.68|2048|3|2|16.0
33|79.93|2048|3|2|32.0
34|77.71|2048|3|2|64.0
35|44.18|2048|3|4|4.0
36|44.21|2048|3|4|8.0
37|46.36|2048|3|4|16.0
38|40.86|2048|3|4|32.0
39|39.83|2048|3|4|64.0
40|40.97|2048|3|8|4.0
41|38.94|2048|3|8|8.0
42|46.54|2048|3|8|16.0
43|41.87|2048|3|8|32.0
44|39.35|2048|3|8|64.0
45|45.39|2048|3|16|4.0
46|49.48|2048|3|16|8.0
47|46.11|2048|3|16|16.0
48|41.8|2048|3|16|32.0
49|39.78|2048|3|16|64.0
50|162.28|2048|4|1|4.0
51|153.49|2048|4|1|8.0
52|169.25|2048|4|1|16.0
53|158.81|2048|4|1|32.0
54|154.27|2048|4|1|64.0
55|97.21|2048|4|2|4.0
56|83.55|2048|4|2|8.0
57|85.81|2048|4|2|16.0
58|81.65|2048|4|2|32.0
59|78.28|2048|4|2|64.0
60|43.48|2048|4|4|4.0
61|47.27|2048|4|4|8.0
62|49.07|2048|4|4|16.0
63|40.86|2048|4|4|32.0
64|39.74|2048|4|4|64.0
65|122.17|2048|4|8|4.0
66|58.89|2048|4|8|8.0
67|47.65|2048|4|8|16.0
68|41.71|2048|4|8|32.0
69|39.81|2048|4|8|64.0
70|57.29|2048|4|16|4.0
71|48.45|2048|4|16|8.0
72|45.98|2048|4|16|16.0
73|42.31|2048|4|16|32.0
74|40.02|2048|4|16|64.0
75|205.0|2048|5|1|4.0
76|193.88|2048|5|1|8.0
77|213.93|2048|5|1|16.0
78|200.34|2048|5|1|32.0
79|194.15|2048|5|1|64.0
80|123.05|2048|5|2|4.0
81|117.1|2048|5|2|8.0
82|131.78|2048|5|2|16.0
83|122.12|2048|5|2|32.0
84|117.75|2048|5|2|64.0
85|81.82|2048|5|4|4.0
86|124.69|2048|5|4|8.0
87|86.66|2048|5|4|16.0
88|81.02|2048|5|4|32.0
89|78.65|2048|5|4|64.0
90|51.49|2048|5|8|4.0
91|79.9|2048|5|8|8.0
92|46.42|2048|5|8|16.0
93|43.06|2048|5|8|32.0
94|40.78|2048|5|8|64.0
95|75.93|2048|5|16|4.0
96|82.82|2048|5|16|8.0
97|45.62|2048|5|16|16.0
98|41.66|2048|5|16|32.0
99|40.77|2048|5|16|64.0
100|243.79|2048|6|1|4.0
101|230.67|2048|6|1|8.0
102|254.28|2048|6|1|16.0
103|238.18|2048|6|1|32.0
104|232.18|2048|6|1|64.0
105|122.1|2048|6|2|4.0
106|121.75|2048|6|2|8.0
107|135.38|2048|6|2|16.0
108|121.9|2048|6|2|32.0
109|117.69|2048|6|2|64.0
110|111.53|2048|6|4|4.0
111|78.23|2048|6|4|8.0
112|89.64|2048|6|4|16.0
113|82.53|2048|6|4|32.0
114|79.03|2048|6|4|64.0
115|108.38|2048|6|8|4.0
116|83.53|2048|6|8|8.0
117|55.43|2048|6|8|16.0
118|43.39|2048|6|8|32.0
119|41.26|2048|6|8|64.0
120|115.85|2048|6|16|4.0
121|84.52|2048|6|16|8.0
122|50.3|2048|6|16|16.0
123|44.22|2048|6|16|32.0
124|41.69|2048|6|16|64.0
125|286.44|2048|7|1|4.0
126|272.76|2048|7|1|8.0
127|300.81|2048|7|1|16.0
128|282.25|2048|7|1|32.0
129|272.0|2048|7|1|64.0
130|164.0|2048|7|2|4.0
131|156.86|2048|7|2|8.0
132|174.31|2048|7|2|16.0
133|163.29|2048|7|2|32.0
134|158.34|2048|7|2|64.0
135|87.08|2048|7|4|4.0
136|80.59|2048|7|4|8.0
137|90.72|2048|7|4|16.0
138|81.91|2048|7|4|32.0
139|78.38|2048|7|4|64.0
140|63.05|2048|7|8|4.0
141|88.44|2048|7|8|8.0
142|49.19|2048|7|8|16.0
143|44.14|2048|7|8|32.0
144|42.14|2048|7|8|64.0
145|50.4|2048|7|16|4.0
146|85.22|2048|7|16|8.0
147|58.32|2048|7|16|16.0
148|43.74|2048|7|16|32.0
149|41.51|2048|7|16|64.0
150|326.52|2048|8|1|4.0
151|309.5|2048|8|1|8.0
152|341.3|2048|8|1|16.0
153|318.95|2048|8|1|32.0
154|311.09|2048|8|1|64.0
155|167.36|2048|8|2|4.0
156|159.8|2048|8|2|8.0
157|175.87|2048|8|2|16.0
158|162.89|2048|8|2|32.0
159|158.05|2048|8|2|64.0
160|97.82|2048|8|4|4.0
161|108.65|2048|8|4|8.0
162|99.71|2048|8|4|16.0
163|81.76|2048|8|4|32.0
164|80.07|2048|8|4|64.0
165|194.38|2048|8|8|4.0
166|89.38|2048|8|8|8.0
167|56.77|2048|8|8|16.0
168|43.53|2048|8|8|32.0
169|42.2|2048|8|8|64.0
170|214.94|2048|8|16|4.0
171|93.72|2048|8|16|8.0
172|51.07|2048|8|16|16.0
173|44.65|2048|8|16|32.0
174|41.93|2048|8|16|64.0
175|367.94|2048|9|1|4.0
176|348.73|2048|9|1|8.0
177|384.12|2048|9|1|16.0
178|360.07|2048|9|1|32.0
179|348.84|2048|9|1|64.0
180|206.0|2048|9|2|4.0
181|199.88|2048|9|2|8.0
182|220.53|2048|9|2|16.0
183|205.16|2048|9|2|32.0
184|196.66|2048|9|2|64.0
185|122.0|2048|9|4|4.0
186|116.37|2048|9|4|8.0
187|128.33|2048|9|4|16.0
188|121.2|2048|9|4|32.0
189|119.86|2048|9|4|64.0
190|159.6|2048|9|8|4.0
191|89.69|2048|9|8|8.0
192|89.17|2048|9|8|16.0
193|85.43|2048|9|8|32.0
194|81.53|2048|9|8|64.0
195|98.2|2048|9|16|4.0
196|87.86|2048|9|16|8.0
197|58.22|2048|9|16|16.0
198|44.97|2048|9|16|32.0
199|42.61|2048|9|16|64.0
200|408.22|2048|10|1|4.0
201|385.93|2048|10|1|8.0
202|425.66|2048|10|1|16.0
203|397.7|2048|10|1|32.0
204|388.11|2048|10|1|64.0
205|204.67|2048|10|2|4.0
206|195.35|2048|10|2|8.0
207|222.96|2048|10|2|16.0
208|204.85|2048|10|2|32.0
209|198.37|2048|10|2|64.0
210|134.58|2048|10|4|4.0
211|123.88|2048|10|4|8.0
212|132.36|2048|10|4|16.0
213|121.4|2048|10|4|32.0
214|119.34|2048|10|4|64.0
215|242.68|2048|10|8|4.0
216|87.0|2048|10|8|8.0
217|99.6|2048|10|8|16.0
218|84.71|2048|10|8|32.0
219|81.63|2048|10|8|64.0
220|129.11|2048|10|16|4.0
221|99.26|2048|10|16|8.0
222|58.35|2048|10|16|16.0
223|45.51|2048|10|16|32.0
224|42.68|2048|10|16|64.0
225|453.52|2048|11|1|4.0
226|429.67|2048|11|1|8.0
227|474.33|2048|11|1|16.0
228|443.72|2048|11|1|32.0
229|430.44|2048|11|1|64.0
230|248.2|2048|11|2|4.0
231|234.47|2048|11|2|8.0
232|259.34|2048|11|2|16.0
233|244.28|2048|11|2|32.0
234|237.34|2048|11|2|64.0
235|136.61|2048|11|4|4.0
236|119.4|2048|11|4|8.0
237|132.55|2048|11|4|16.0
238|122.7|2048|11|4|32.0
239|118.53|2048|11|4|64.0
240|235.17|2048|11|8|4.0
241|129.09|2048|11|8|8.0
242|97.37|2048|11|8|16.0
243|83.94|2048|11|8|32.0
244|82.04|2048|11|8|64.0
245|127.52|2048|11|16|4.0
246|90.26|2048|11|16|8.0
247|58.91|2048|11|16|16.0
248|45.25|2048|11|16|32.0
249|42.5|2048|11|16|64.0
250|491.32|2048|12|1|4.0
251|465.43|2048|12|1|8.0
252|514.8|2048|12|1|16.0
253|479.86|2048|12|1|32.0
254|467.57|2048|12|1|64.0
255|251.02|2048|12|2|4.0
256|241.12|2048|12|2|8.0
257|269.65|2048|12|2|16.0
258|246.34|2048|12|2|32.0
259|237.59|2048|12|2|64.0
260|130.13|2048|12|4|4.0
261|229.67|2048|12|4|8.0
262|132.99|2048|12|4|16.0
263|122.67|2048|12|4|32.0
264|120.51|2048|12|4|64.0
265|222.07|2048|12|8|4.0
266|144.39|2048|12|8|8.0
267|109.78|2048|12|8|16.0
268|84.69|2048|12|8|32.0
269|82.38|2048|12|8|64.0
270|102.57|2048|12|16|4.0
271|100.77|2048|12|16|8.0
272|58.93|2048|12|16|16.0
273|44.88|2048|12|16|32.0
274|42.65|2048|12|16|64.0
275|531.97|2048|13|1|4.0
276|504.57|2048|13|1|8.0
277|555.41|2048|13|1|16.0
278|521.21|2048|13|1|32.0
279|504.79|2048|13|1|64.0
280|287.77|2048|13|2|4.0
281|275.95|2048|13|2|8.0
282|309.02|2048|13|2|16.0
283|285.96|2048|13|2|32.0
284|278.24|2048|13|2|64.0
285|413.25|2048|13|4|4.0
286|158.22|2048|13|4|8.0
287|175.37|2048|13|4|16.0
288|161.84|2048|13|4|32.0
289|157.36|2048|13|4|64.0
290|95.0|2048|13|8|4.0
291|166.46|2048|13|8|8.0
292|98.45|2048|13|8|16.0
293|86.8|2048|13|8|32.0
294|83.71|2048|13|8|64.0
295|50.59|2048|13|16|4.0
296|99.08|2048|13|16|8.0
297|60.18|2048|13|16|16.0
298|45.05|2048|13|16|32.0
299|42.45|2048|13|16|64.0
300|571.47|2048|14|1|4.0
301|541.5|2048|14|1|8.0
302|597.49|2048|14|1|16.0
303|559.25|2048|14|1|32.0
304|545.09|2048|14|1|64.0
305|293.29|2048|14|2|4.0
306|277.8|2048|14|2|8.0
307|304.2|2048|14|2|16.0
308|285.47|2048|14|2|32.0
309|279.61|2048|14|2|64.0
310|174.51|2048|14|4|4.0
311|182.84|2048|14|4|8.0
312|175.35|2048|14|4|16.0
313|161.82|2048|14|4|32.0
314|157.07|2048|14|4|64.0
315|186.73|2048|14|8|4.0
316|168.74|2048|14|8|8.0
317|108.0|2048|14|8|16.0
318|86.61|2048|14|8|32.0
319|83.94|2048|14|8|64.0
320|72.68|2048|14|16|4.0
321|104.4|2048|14|16|8.0
322|59.71|2048|14|16|16.0
323|45.61|2048|14|16|32.0
324|42.68|2048|14|16|64.0
325|621.65|2048|15|1|4.0
326|588.25|2048|15|1|8.0
327|649.63|2048|15|1|16.0
328|607.24|2048|15|1|32.0
329|590.52|2048|15|1|64.0
330|329.11|2048|15|2|4.0
331|313.72|2048|15|2|8.0
332|359.13|2048|15|2|16.0
333|328.27|2048|15|2|32.0
334|318.34|2048|15|2|64.0
335|168.5|2048|15|4|4.0
336|161.94|2048|15|4|8.0
337|176.41|2048|15|4|16.0
338|164.5|2048|15|4|32.0
339|158.64|2048|15|4|64.0
340|355.86|2048|15|8|4.0
341|154.93|2048|15|8|8.0
342|107.39|2048|15|8|16.0
343|87.48|2048|15|8|32.0
344|84.25|2048|15|8|64.0
345|85.08|2048|15|16|4.0
346|95.16|2048|15|16|8.0
347|60.05|2048|15|16|16.0
348|45.2|2048|15|16|32.0
349|42.46|2048|15|16|64.0
350|653.84|2048|16|1|4.0
351|621.18|2048|16|1|8.0
352|683.94|2048|16|1|16.0
353|639.19|2048|16|1|32.0
354|622.87|2048|16|1|64.0
355|326.85|2048|16|2|4.0
356|314.79|2048|16|2|8.0
357|353.56|2048|16|2|16.0
358|327.17|2048|16|2|32.0
359|318.82|2048|16|2|64.0
360|180.87|2048|16|4|4.0
361|167.29|2048|16|4|8.0
362|182.15|2048|16|4|16.0
363|162.8|2048|16|4|32.0
364|159.46|2048|16|4|64.0
365|128.21|2048|16|8|4.0
366|170.32|2048|16|8|8.0
367|114.52|2048|16|8|16.0
368|88.25|2048|16|8|32.0
369|84.14|2048|16|8|64.0
370|129.73|2048|16|16|4.0
371|105.59|2048|16|16|8.0
372|60.51|2048|16|16|16.0
373|45.45|2048|16|16|32.0
374|42.5|2048|16|16|64.0
375|10.32|1024|2|1|4.0
376|8.96|1024|2|1|8.0
377|9.82|1024|2|1|16.0
378|9.62|1024|2|1|32.0
379|9.32|1024|2|1|64.0
380|5.04|1024|2|2|4.0
381|4.44|1024|2|2|8.0
382|4.92|1024|2|2|16.0
383|4.91|1024|2|2|32.0
384|4.83|1024|2|2|64.0
385|4.91|1024|2|4|4.0
386|4.71|1024|2|4|8.0
387|4.82|1024|2|4|16.0
388|4.71|1024|2|4|32.0
389|4.77|1024|2|4|64.0
390|5.17|1024|2|8|4.0
391|4.33|1024|2|8|8.0
392|4.85|1024|2|8|16.0
393|4.89|1024|2|8|32.0
394|4.77|1024|2|8|64.0
395|5.06|1024|2|16|4.0
396|4.59|1024|2|16|8.0
397|5.06|1024|2|16|16.0
398|4.85|1024|2|16|32.0
399|4.67|1024|2|16|64.0
400|15.23|1024|3|1|4.0
401|13.62|1024|3|1|8.0
402|15.09|1024|3|1|16.0
403|14.78|1024|3|1|32.0
404|14.42|1024|3|1|64.0
405|10.29|1024|3|2|4.0
406|9.43|1024|3|2|8.0
407|10.06|1024|3|2|16.0
408|9.71|1024|3|2|32.0
409|9.64|1024|3|2|64.0
410|5.95|1024|3|4|4.0
411|6.71|1024|3|4|8.0
412|4.77|1024|3|4|16.0
413|4.81|1024|3|4|32.0
414|4.61|1024|3|4|64.0
415|8.09|1024|3|8|4.0
416|4.5|1024|3|8|8.0
417|5.02|1024|3|8|16.0
418|4.74|1024|3|8|32.0
419|4.6|1024|3|8|64.0
420|10.25|1024|3|16|4.0
421|7.41|1024|3|16|8.0
422|5.1|1024|3|16|16.0
423|4.84|1024|3|16|32.0
424|4.56|1024|3|16|64.0
425|20.95|1024|4|1|4.0
426|18.37|1024|4|1|8.0
427|20.29|1024|4|1|16.0
428|19.78|1024|4|1|32.0
429|18.95|1024|4|1|64.0
430|10.16|1024|4|2|4.0
431|9.28|1024|4|2|8.0
432|10.07|1024|4|2|16.0
433|9.83|1024|4|2|32.0
434|9.7|1024|4|2|64.0
435|5.99|1024|4|4|4.0
436|4.58|1024|4|4|8.0
437|5.29|1024|4|4|16.0
438|4.81|1024|4|4|32.0
439|4.64|1024|4|4|64.0
440|10.33|1024|4|8|4.0
441|6.65|1024|4|8|8.0
442|5.08|1024|4|8|16.0
443|4.78|1024|4|8|32.0
444|4.66|1024|4|8|64.0
445|6.4|1024|4|16|4.0
446|4.98|1024|4|16|8.0
447|5.21|1024|4|16|16.0
448|4.92|1024|4|16|32.0
449|4.63|1024|4|16|64.0
450|25.98|1024|5|1|4.0
451|23.15|1024|5|1|
452|25.24|1024|5|1|16.0
453|24.45|1024|5|1|32.0
454|23.97|1024|5|1|64.0
455|16.1|1024|5|2|4.0
456|13.75|1024|5|2|8.0
457|15.23|1024|5|2|16.0
458|14.64|1024|5|2|32.0
459|14.35|1024|5|2|64.0
460|10.07|1024|5|4|4.0
461|9.9|1024|5|4|8.0
462|10.38|1024|5|4|16.0
463|9.87|1024|5|4|32.0
464|9.67|1024|5|4|64.0
465|12.25|1024|5|8|4.0
466|9.33|1024|5|8|8.0
467|5.46|1024|5|8|16.0
468|5.3|1024|5|8|32.0
469|5.0|1024|5|8|64.0
470|6.94|1024|5|16|4.0
471|7.06|1024|5|16|8.0
472|5.24|1024|5|16|16.0
473|5.15|1024|5|16|32.0
474|4.81|1024|5|16|64.0
475|31.09|1024|6|1|4.0
476|27.92|1024|6|1|8.0
477|30.63|1024|6|1|16.0
478|29.7|1024|6|1|32.0
479|28.78|1024|6|1|64.0
480|15.57|1024|6|2|4.0
481|14.15|1024|6|2|8.0
482|15.35|1024|6|2|16.0
483|15.3|1024|6|2|32.0
484|14.36|1024|6|2|64.0
485|11.41|1024|6|4|4.0
486|10.62|1024|6|4|8.0
487|10.35|1024|6|4|16.0
488|9.97|1024|6|4|32.0
489|9.73|1024|6|4|64.0
490|13.15|1024|6|8|4.0
491|10.08|1024|6|8|8.0
492|6.53|1024|6|8|16.0
493|5.25|1024|6|8|32.0
494|4.83|1024|6|8|64.0
495|22.53|1024|6|16|4.0
496|7.43|1024|6|16|8.0
497|5.99|1024|6|16|16.0
498|5.33|1024|6|16|32.0
499|5.01|1024|6|16|64.0
500|36.24|1024|7|1|4.0
501|32.37|1024|7|1|8.0
502|35.49|1024|7|1|16.0
503|34.38|1024|7|1|32.0
504|33.87|1024|7|1|64.0
505|20.37|1024|7|2|4.0
506|18.55|1024|7|2|8.0
507|20.56|1024|7|2|16.0
508|19.89|1024|7|2|32.0
509|19.36|1024|7|2|64.0
510|11.74|1024|7|4|4.0
511|10.35|1024|7|4|8.0
512|10.69|1024|7|4|16.0
513|9.88|1024|7|4|32.0
514|9.85|1024|7|4|64.0
515|8.27|1024|7|8|4.0
516|10.25|1024|7|8|8.0
517|6.06|1024|7|8|16.0
518|5.13|1024|7|8|32.0
519|4.85|1024|7|8|64.0
520|16.39|1024|7|16|4.0
521|8.18|1024|7|16|8.0
522|5.95|1024|7|16|16.0
523|5.33|1024|7|16|32.0
524|5.04|1024|7|16|64.0
525|41.72|1024|8|1|4.0
526|37.39|1024|8|1|8.0
527|40.92|1024|8|1|16.0
528|39.64|1024|8|1|32.0
529|38.58|1024|8|1|64.0
530|20.73|1024|8|2|4.0
531|18.78|1024|8|2|8.0
532|20.38|1024|8|2|16.0
533|19.97|1024|8|2|32.0
534|19.09|1024|8|2|64.0
535|10.91|1024|8|4|4.0
536|9.63|1024|8|4|8.0
537|10.47|1024|8|4|16.0
538|10.19|1024|8|4|32.0
539|9.82|1024|8|4|64.0
540|6.37|1024|8|8|4.0
541|10.53|1024|8|8|8.0
542|6.9|1024|8|8|16.0
543|5.3|1024|8|8|32.0
544|5.17|1024|8|8|64.0
545|9.17|1024|8|16|4.0
546|10.58|1024|8|16|8.0
547|6.27|1024|8|16|16.0
548|5.25|1024|8|16|32.0
549|4.79|1024|8|16|64.0
550|46.8|1024|9|1|4.0
551|41.89|1024|9|1|8.0
552|45.82|1024|9|1|16.0
553|44.51|1024|9|1|32.0
554|43.59|1024|9|1|64.0
555|25.97|1024|9|2|4.0
556|23.29|1024|9|2|8.0
557|25.44|1024|9|2|16.0
558|24.71|1024|9|2|32.0
559|24.26|1024|9|2|64.0
560|15.32|1024|9|4|4.0
561|14.16|1024|9|4|8.0
562|15.07|1024|9|4|16.0
563|14.82|1024|9|4|32.0
564|14.58|1024|9|4|64.0
565|19.61|1024|9|8|4.0
566|12.37|1024|9|8|8.0
567|10.2|1024|9|8|16.0
568|10.21|1024|9|8|32.0
569|9.9|1024|9|8|64.0
570|8.3|1024|9|16|4.0
571|10.54|1024|9|16|8.0
572|5.82|1024|9|16|16.0
573|5.46|1024|9|16|32.0
574|5.1|1024|9|16|64.0
575|52.81|1024|10|1|4.0
576|46.88|1024|10|1|8.0
577|51.03|1024|10|1|16.0
578|49.81|1024|10|1|32.0
579|48.66|1024|10|1|64.0
580|26.19|1024|10|2|4.0
581|23.27|1024|10|2|8.0
582|25.58|1024|10|2|16.0
583|24.95|1024|10|2|32.0
584|24.37|1024|10|2|64.0
585|16.07|1024|10|4|4.0
586|14.26|1024|10|4|8.0
587|15.23|1024|10|4|16.0
588|14.9|1024|10|4|32.0
589|14.82|1024|10|4|64.0
590|25.7|1024|10|8|4.0
591|16.68|1024|10|8|8.0
592|11.75|1024|10|8|16.0
593|10.21|1024|10|8|32.0
594|9.6|1024|10|8|64.0
595|5.62|1024|10|16|4.0
596|10.76|1024|10|16|8.0
597|5.84|1024|10|16|16.0
598|5.28|1024|10|16|32.0
599|5.08|1024|10|16|64.0
600|57.15|1024|11|1|4.0
601|51.26|1024|11|1|8.0
602|56.03|1024|11|1|16.0
603|54.27|1024|11|1|32.0
604|53.24|1024|11|1|64.0
605|31.01|1024|11|2|4.0
606|28.53|1024|11|2|8.0
607|30.57|1024|11|2|16.0
608|30.36|1024|11|2|32.0
609|29.55|1024|11|2|64.0
610|16.7|1024|11|4|4.0
611|14.72|1024|11|4|8.0
612|15.78|1024|11|4|16.0
613|15.4|1024|11|4|32.0
614|14.74|1024|11|4|64.0
615|24.51|1024|11|8|4.0
616|19.87|1024|11|8|8.0
617|10.92|1024|11|8|16.0
618|10.04|1024|11|8|32.0
619|9.83|1024|11|8|64.0
620|19.32|1024|11|16|4.0
621|11.9|1024|11|16|8.0
622|6.74|1024|11|16|16.0
623|5.34|1024|11|16|32.0
624|4.81|1024|11|16|64.0
625|62.46|1024|12|1|4.0
626|55.67|1024|12|1|8.0
627|60.97|1024|12|1|16.0
628|59.08|1024|12|1|32.0
629|57.69|1024|12|1|64.0
630|30.86|1024|12|2|4.0
631|28.34|1024|12|2|8.0
632|31.17|1024|12|2|16.0
633|29.82|1024|12|2|32.0
634|29.29|1024|12|2|64.0
635|17.26|1024|12|4|4.0
636|14.28|1024|12|4|8.0
637|15.32|1024|12|4|16.0
638|15.52|1024|12|4|32.0
639|14.65|1024|12|4|64.0
640|30.14|1024|12|8|4.0
641|19.86|1024|12|8|8.0
642|10.91|1024|12|8|16.0
643|10.58|1024|12|8|32.0
644|10.02|1024|12|8|64.0
645|8.14|1024|12|16|4.0
646|9.83|1024|12|16|8.0
647|6.75|1024|12|16|16.0
648|5.46|1024|12|16|32.0
649|5.06|1024|12|16|64.0
650|67.7|1024|13|1|4.0
651|60.59|1024|13|1|8.0
652|66.36|1024|13|1|16.0
653|64.24|1024|13|1|32.0
654|62.89|1024|13|1|64.0
655|37.78|1024|13|2|4.0
656|32.49|1024|13|2|8.0
657|36.8|1024|13|2|16.0
658|34.68|1024|13|2|32.0
659|33.86|1024|13|2|64.0
660|20.76|1024|13|4|4.0
661|19.46|1024|13|4|8.0
662|21.24|1024|13|4|16.0
663|20.07|1024|13|4|32.0
664|19.41|1024|13|4|64.0
665|27.33|1024|13|8|4.0
666|17.12|1024|13|8|8.0
667|10.73|1024|13|8|16.0
668|10.79|1024|13|8|32.0
669|9.95|1024|13|8|64.0
670|19.3|1024|13|16|4.0
671|11.46|1024|13|16|8.0
672|5.98|1024|13|16|16.0
673|5.46|1024|13|16|32.0
674|5.17|1024|13|16|64.0
675|72.19|1024|14|1|4.0
676|64.54|1024|14|1|8.0
677|70.91|1024|14|1|16.0
678|69.22|1024|14|1|32.0
679|67.25|1024|14|1|64.0
680|36.4|1024|14|2|4.0
681|34.37|1024|14|2|8.0
682|36.05|1024|14|2|16.0
683|35.07|1024|14|2|32.0
684|34.07|1024|14|2|64.0
685|21.81|1024|14|4|4.0
686|18.32|1024|14|4|8.0
687|20.19|1024|14|4|16.0
688|20.0|1024|14|4|32.0
689|19.5|1024|14|4|64.0
690|15.74|1024|14|8|4.0
691|20.39|1024|14|8|8.0
692|11.03|1024|14|8|16.0
693|10.76|1024|14|8|32.0
694|10.31|1024|14|8|64.0
695|18.62|1024|14|16|4.0
696|11.3|1024|14|16|8.0
697|6.77|1024|14|16|16.0
698|5.41|1024|14|16|32.0
699|5.03|1024|14|16|64.0
700|77.45|1024|15|1|4.0
701|69.23|1024|15|1|8.0
702|75.97|1024|15|1|16.0
703|73.81|1024|15|1|32.0
704|72.21|1024|15|1|64.0
705|42.48|1024|15|2|4.0
706|37.11|1024|15|2|8.0
707|40.81|1024|15|2|16.0
708|39.82|1024|15|2|32.0
709|38.83|1024|15|2|64.0
710|21.81|1024|15|4|4.0
711|20.76|1024|15|4|8.0
712|20.65|1024|15|4|16.0
713|20.16|1024|15|4|32.0
714|19.6|1024|15|4|64.0
715|30.26|1024|15|8|4.0
716|19.51|1024|15|8|8.0
717|11.56|1024|15|8|16.0
718|10.85|1024|15|8|32.0
719|10.02|1024|15|8|64.0
720|12.43|1024|15|16|4.0
721|12.01|1024|15|16|8.0
722|6.94|1024|15|16|16.0
723|5.4|1024|15|16|32.0
724|4.86|1024|15|16|64.0
725|82.66|1024|16|1|4.0
726|73.65|1024|16|1|8.0
727|80.98|1024|16|1|16.0
728|79.17|1024|16|1|32.0
729|76.89|1024|16|1|64.0
730|41.58|1024|16|2|4.0
731|37.24|1024|16|2|8.0
732|41.13|1024|16|2|16.0
733|40.53|1024|16|2|32.0
734|38.84|1024|16|2|64.0
735|21.5|1024|16|4|4.0
736|27.64|1024|16|4|8.0
737|21.16|1024|16|4|16.0
738|20.38|1024|16|4|32.0
739|19.7|1024|16|4|64.0
740|29.9|1024|16|8|4.0
741|22.75|1024|16|8|8.0
742|13.81|1024|16|8|16.0
743|10.9|1024|16|8|32.0
744|10.28|1024|16|8|64.0
745|14.74|1024|16|16|4.0
746|11.07|1024|16|16|8.0
747|6.71|1024|16|16|16.0
748|5.28|1024|16|16|32.0
749|5.18|1024|16|16|64.0
750|0.95|512|2|1|4.0
751|1.02|512|2|1|8.0
752|0.75|512|2|1|16.0
753|0.93|512|2|1|32.0
754|0.87|512|2|1|64.0
755|0.25|512|2|2|4.0
756|0.55|512|2|2|8.0
757|0.32|512|2|2|16.0
758|0.52|512|2|2|32.0
759|0.27|512|2|2|64.0
760|0.27|512|2|4|4.0
761|0.23|512|2|4|8.0
762|0.51|512|2|4|16.0
763|0.26|512|2|4|32.0
764|0.24|512|2|4|64.0
765|0.55|512|2|8|4.0
766|0.25|512|2|8|8.0
767|0.25|512|2|8|16.0
768|0.13|512|2|8|32.0
769|0.45|512|2|8|64.0
770|0.58|512|2|16|4.0
771|0.23|512|2|16|8.0
772|0.43|512|2|16|16.0
773|0.34|512|2|16|32.0
774|0.29|512|2|16|64.0
775|1.73|512|3|1|4.0
776|1.43|512|3|1|8.0
777|1.35|512|3|1|16.0
778|1.58|512|3|1|32.0
779|1.67|512|3|1|64.0
780|1.09|512|3|2|4.0
781|0.83|512|3|2|8.0
782|0.96|512|3|2|16.0
783|0.77|512|3|2|32.0
784|0.76|512|3|2|64.0
785|2.02|512|3|4|4.0
786|0.2|512|3|4|8.0
787|0.31|512|3|4|16.0
788|0.35|512|3|4|32.0
789|0.51|512|3|4|64.0
790|0.46|512|3|8|4.0
791|0.78|512|3|8|8.0
792|0.5|512|3|8|16.0
793|0.48|512|3|8|32.0
794|0.14|512|3|8|64.0
795|0.31|512|3|16|4.0
796|0.45|512|3|16|8.0
797|0.51|512|3|16|16.0
798|0.52|512|3|16|32.0
799|0.5|512|3|16|64.0
800|2.2|512|4|1|4.0
801|2.14|512|4|1|8.0
802|2.08|512|4|1|16.0
803|2.27|512|4|1|32.0
804|2.27|512|4|1|64.0
805|1.16|512|4|2|4.0
806|0.81|512|4|2|8.0
807|1.1|512|4|2|16.0
808|1.07|512|4|2|32.0
809|0.95|512|4|2|64.0
810|0.43|512|4|4|4.0
811|0.88|512|4|4|8.0
812|0.42|512|4|4|16.0
813|0.33|512|4|4|32.0
814|0.35|512|4|4|64.0
815|2.45|512|4|8|4.0
816|0.16|512|4|8|8.0
817|0.53|512|4|8|16.0
818|0.45|512|4|8|32.0
819|0.28|512|4|8|64.0
820|1.88|512|4|16|4.0
821|0.84|512|4|16|8.0
822|0.27|512|4|16|16.0
823|0.33|512|4|16|32.0
824|0.49|512|4|16|64.0
825|3.02|512|5|1|4.0
826|2.72|512|5|1|8.0
827|2.89|512|5|1|16.0
828|2.73|512|5|1|32.0
829|2.88|512|5|1|64.0
830|1.54|512|5|2|4.0
831|1.3|512|5|2|8.0
832|1.36|512|5|2|16.0
833|1.54|512|5|2|32.0
834|1.68|512|5|2|64.0
835|1.11|512|5|4|4.0
836|1.12|512|5|4|8.0
837|0.73|512|5|4|16.0
838|0.76|512|5|4|32.0
839|0.94|512|5|4|64.0
840|1.81|512|5|8|4.0
841|1.09|512|5|8|8.0
842|0.39|512|5|8|16.0
843|0.32|512|5|8|32.0
844|0.39|512|5|8|64.0
845|2.5|512|5|16|4.0
846|1.04|512|5|16|8.0
847|0.39|512|5|16|16.0
848|0.2|512|5|16|32.0
849|0.48|512|5|16|64.0
850|3.71|512|6|1|4.0
851|3.33|512|6|1|8.0
852|3.35|512|6|1|16.0
853|3.37|512|6|1|32.0
854|3.39|512|6|1|64.0
855|1.72|512|6|2|4.0
856|1.33|512|6|2|8.0
857|1.46|512|6|2|16.0
858|1.51|512|6|2|32.0
859|1.39|512|6|2|64.0
860|0.96|512|6|4|4.0
861|1.52|512|6|4|8.0
862|1.15|512|6|4|16.0
863|0.78|512|6|4|32.0
864|0.86|512|6|4|64.0
865|0.52|512|6|8|4.0
866|0.8|512|6|8|8.0
867|0.52|512|6|8|16.0
868|0.31|512|6|8|32.0
869|0.45|512|6|8|64.0
870|2.9|512|6|16|4.0
871|1.08|512|6|16|8.0
872|0.45|512|6|16|16.0
873|0.41|512|6|16|32.0
874|0.24|512|6|16|64.0
875|4.25|512|7|1|4.0
876|3.94|512|7|1|8.0
877|4.14|512|7|1|16.0
878|3.7|512|7|1|32.0
879|4.06|512|7|1|64.0
880|2.2|512|7|2|4.0
881|2.21|512|7|2|8.0
882|2.2|512|7|2|16.0
883|1.9|512|7|2|32.0
884|2.06|512|7|2|64.0
885|2.21|512|7|4|4.0
886|1.34|512|7|4|8.0
887|0.95|512|7|4|16.0
888|1.0|512|7|4|32.0
889|0.88|512|7|4|64.0
890|2.59|512|7|8|4.0
891|1.15|512|7|8|8.0
892|0.64|512|7|8|16.0
893|0.39|512|7|8|32.0
894|0.47|512|7|8|64.0
895|2.54|512|7|16|4.0
896|0.91|512|7|16|8.0
897|0.58|512|7|16|16.0
898|0.4|512|7|16|32.0
899|0.17|512|7|16|64.0
900|5.0|512|8|1|4.0
901|4.42|512|8|1|8.0
902|4.46|512|8|1|16.0
903|4.46|512|8|1|32.0
904|4.55|512|8|1|64.0
905|2.47|512|8|2|4.0
906|1.89|512|8|2|8.0
907|2.1|512|8|2|16.0
908|1.93|512|8|2|32.0
909|1.96|512|8|2|64.0
910|1.3|512|8|4|4.0
911|0.83|512|8|4|8.0
912|1.16|512|8|4|16.0
913|0.78|512|8|4|32.0
914|0.77|512|8|4|64.0
915|2.89|512|8|8|4.0
916|0.91|512|8|8|8.0
917|0.71|512|8|8|16.0
918|0.6|512|8|8|32.0
919|0.5|512|8|8|64.0
920|1.32|512|8|16|4.0
921|1.21|512|8|16|8.0
922|0.5|512|8|16|16.0
923|0.38|512|8|16|32.0
924|0.52|512|8|16|64.0
925|5.44|512|9|1|4.0
926|5.08|512|9|1|8.0
927|5.14|512|9|1|16.0
928|5.14|512|9|1|32.0
929|5.27|512|9|1|64.0
930|3.05|512|9|2|4.0
931|2.43|512|9|2|8.0
932|2.88|512|9|2|16.0
933|2.52|512|9|2|32.0
934|2.73|512|9|2|64.0
935|1.65|512|9|4|4.0
936|2.46|512|9|4|8.0
937|1.82|512|9|4|16.0
938|1.36|512|9|4|32.0
939|1.4|512|9|4|64.0
940|1.85|512|9|8|4.0
941|0.96|512|9|8|8.0
942|1.07|512|9|8|16.0
943|1.1|512|9|8|32.0
944|1.07|512|9|8|64.0
945|2.46|512|9|16|4.0
946|0.79|512|9|16|8.0
947|0.62|512|9|16|16.0
948|0.3|512|9|16|32.0
949|0.38|512|9|16|64.0
950|6.42|512|10|1|4.0
951|5.51|512|10|1|8.0
952|5.69|512|10|1|16.0
953|5.6|512|10|1|32.0
954|5.56|512|10|1|64.0
955|3.03|512|10|2|4.0
956|2.51|512|10|2|8.0
957|2.71|512|10|2|16.0
958|2.59|512|10|2|32.0
959|2.91|512|10|2|64.0
960|2.86|512|10|4|4.0
961|1.73|512|10|4|8.0
962|1.75|512|10|4|16.0
963|1.57|512|10|4|32.0
964|1.75|512|10|4|64.0
965|1.93|512|10|8|4.0
966|1.33|512|10|8|8.0
967|0.99|512|10|8|16.0
968|1.01|512|10|8|32.0
969|0.82|512|10|8|64.0
970|0.44|512|10|16|4.0
971|1.0|512|10|16|8.0
972|0.6|512|10|16|16.0
973|0.53|512|10|16|32.0
974|0.26|512|10|16|64.0
975|7.1|512|11|1|4.0
976|6.3|512|11|1|8.0
977|6.57|512|11|1|16.0
978|6.14|512|11|1|32.0
979|6.36|512|11|1|64.0
980|3.76|512|11|2|4.0
981|3.24|512|11|2|8.0
982|3.22|512|11|2|16.0
983|3.37|512|11|2|32.0
984|3.17|512|11|2|64.0
985|3.82|512|11|4|4.0
986|2.93|512|11|4|8.0
987|1.64|512|11|4|16.0
988|1.47|512|11|4|32.0
989|1.53|512|11|4|64.0
990|3.17|512|11|8|4.0
991|1.45|512|11|8|8.0
992|1.01|512|11|8|16.0
993|1.06|512|11|8|32.0
994|1.15|512|11|8|64.0
995|2.54|512|11|16|4.0
996|0.96|512|11|16|8.0
997|0.51|512|11|16|16.0
998|0.19|512|11|16|32.0
999|0.29|512|11|16|64.0
1000|7.69|512|12|1|4.0
1001|6.54|512|12|1|8.0
1002|6.92|512|12|1|16.0
1003|6.93|512|12|1|32.0
1004|6.86|512|12|1|64.0
1005|3.77|512|12|2|4.0
1006|3.47|512|12|2|8.0
1007|3.29|512|12|2|16.0
1008|3.17|512|12|2|32.0
1009|3.32|512|12|2|64.0
1010|5.29|512|12|4|4.0
1011|1.8|512|12|4|8.0
1012|1.64|512|12|4|16.0
1013|1.61|512|12|4|32.0
1014|1.76|512|12|4|64.0
1015|2.59|512|12|8|4.0
1016|1.68|512|12|8|8.0
1017|0.93|512|12|8|16.0
1018|1.01|512|12|8|32.0
1019|0.9|512|12|8|64.0
1020|0.85|512|12|16|4.0
1021|1.17|512|12|16|8.0
1022|0.38|512|12|16|16.0
1023|0.49|512|12|16|32.0
1024|0.33|512|12|16|64.0
1025|8.45|512|13|1|4.0
1026|7.29|512|13|1|8.0
1027|7.63|512|13|1|16.0
1028|7.79|512|13|1|32.0
1029|7.46|512|13|1|64.0
1030|4.31|512|13|2|4.0
1031|3.88|512|13|2|8.0
1032|4.14|512|13|2|16.0
1033|3.79|512|13|2|32.0
1034|3.79|512|13|2|64.0
1035|2.24|512|13|4|4.0
1036|3.47|512|13|4|8.0
1037|2.15|512|13|4|16.0
1038|2.11|512|13|4|32.0
1039|2.39|512|13|4|64.0
1040|3.1|512|13|8|4.0
1041|1.59|512|13|8|8.0
1042|1.33|512|13|8|16.0
1043|1.01|512|13|8|32.0
1044|0.94|512|13|8|64.0
1045|0.98|512|13|16|4.0
1046|1.24|512|13|16|8.0
1047|0.6|512|13|16|16.0
1048|0.39|512|13|16|32.0
1049|0.47|512|13|16|64.0
1050|9.03|512|14|1|4.0
1051|7.97|512|14|1|8.0
1052|8.24|512|14|1|16.0
1053|7.85|512|14|1|32.0
1054|8.16|512|14|1|64.0
1055|4.31|512|14|2|4.0
1056|3.94|512|14|2|8.0
1057|4.05|512|14|2|16.0
1058|4.07|512|14|2|32.0
1059|4.11|512|14|2|64.0
1060|2.79|512|14|4|4.0
1061|2.26|512|14|4|8.0
1062|2.27|512|14|4|16.0
1063|2.35|512|14|4|32.0
1064|2.32|512|14|4|64.0
1065|1.91|512|14|8|4.0
1066|2.14|512|14|8|8.0
1067|1.47|512|14|8|16.0
1068|1.07|512|14|8|32.0
1069|1.19|512|14|8|64.0
1070|2.28|512|14|16|4.0
1071|0.94|512|14|16|8.0
1072|0.52|512|14|16|16.0
1073|0.38|512|14|16|32.0
1074|0.25|512|14|16|64.0
1075|9.7|512|15|1|4.0
1076|8.36|512|15|1|8.0
1077|8.86|512|15|1|16.0
1078|8.7|512|15|1|32.0
1079|8.6|512|15|1|64.0
1080|4.84|512|15|2|4.0
1081|4.47|512|15|2|8.0
1082|4.52|512|15|2|16.0
1083|4.48|512|15|2|32.0
1084|4.39|512|15|2|64.0
1085|2.77|512|15|4|4.0
1086|2.81|512|15|4|8.0
1087|2.23|512|15|4|16.0
1088|2.32|512|15|4|32.0
1089|2.15|512|15|4|64.0
1090|1.64|512|15|8|4.0
1091|1.46|512|15|8|8.0
1092|1.24|512|15|8|16.0
1093|1.26|512|15|8|32.0
1094|1.23|512|15|8|64.0
1095|0.97|512|15|16|4.0
1096|1.23|512|15|16|8.0
1097|0.67|512|15|16|16.0
1098|0.58|512|15|16|32.0
1099|0.38|512|15|16|64.0
1100|10.38|512|16|1|4.0
1101|8.93|512|16|1|8.0
1102|9.4|512|16|1|16.0
1103|9.32|512|16|1|32.0
1104|9.51|512|16|1|64.0
1105|5.18|512|16|2|4.0
1106|4.59|512|16|2|8.0
1107|4.64|512|16|2|16.0
1108|4.63|512|16|2|32.0
1109|4.67|512|16|2|64.0
1110|4.86|512|16|4|4.0
1111|2.3|512|16|4|8.0
1112|2.31|512|16|4|16.0
1113|2.11|512|16|4|32.0
1114|2.47|512|16|4|64.0
1115|1.79|512|16|8|4.0
1116|2.25|512|16|8|8.0
1117|1.1|512|16|8|16.0
1118|1.1|512|16|8|32.0
1119|1.14|512|16|8|64.0
1120|0.71|512|16|16|4.0
1121|1.31|512|16|16|8.0
1122|0.51|512|16|16|16.0
1123|0.47|512|16|16|32.0
1124|0.33|512|16|16|6.0
