81.13 2048 2 1 4
77.11 2048 2 1 8
84.83 2048 2 1 16
79.35 2048 2 1 32
77.16 2048 2 1 64
63.15 2048 2 2 4
38.85 2048 2 2 8
46.87 2048 2 2 16
41.97 2048 2 2 32
39.45 2048 2 2 64
41.32 2048 2 4 4
51.36 2048 2 4 8
44.62 2048 2 4 16
41.99 2048 2 4 32
39.22 2048 2 4 64
41.28 2048 2 8 4
56.39 2048 2 8 8
49.25 2048 2 8 16
40.18 2048 2 8 32
39.30 2048 2 8 64
47.84 2048 2 16 4
44.90 2048 2 16 8
46.03 2048 2 16 16
41.43 2048 2 16 32
39.33 2048 2 16 64
122.63 2048 3 1 4
116.23 2048 3 1 8
127.65 2048 3 1 16
119.84 2048 3 1 32
116.11 2048 3 1 64
82.52 2048 3 2 4
91.10 2048 3 2 8
87.79 2048 3 2 16
80.04 2048 3 2 32
78.11 2048 3 2 64
44.52 2048 3 4 4
44.49 2048 3 4 8
46.79 2048 3 4 16
41.13 2048 3 4 32
40.02 2048 3 4 64
41.23 2048 3 8 4
39.24 2048 3 8 8
46.98 2048 3 8 16
42.19 2048 3 8 32
39.49 2048 3 8 64
45.85 2048 3 16 4
49.97 2048 3 16 8
46.28 2048 3 16 16
42.06 2048 3 16 32
40.03 2048 3 16 64
162.66 2048 4 1 4
153.67 2048 4 1 8
169.42 2048 4 1 16
158.92 2048 4 1 32
154.74 2048 4 1 64
97.46 2048 4 2 4
83.88 2048 4 2 8
86.10 2048 4 2 16
81.87 2048 4 2 32
78.39 2048 4 2 64
43.70 2048 4 4 4
47.67 2048 4 4 8
49.19 2048 4 4 16
41.13 2048 4 4 32
40.16 2048 4 4 64
122.39 2048 4 8 4
59.31 2048 4 8 8
48.09 2048 4 8 16
42.04 2048 4 8 32
40.08 2048 4 8 64
57.60 2048 4 16 4
48.66 2048 4 16 8
46.44 2048 4 16 16
42.71 2048 4 16 32
40.15 2048 4 16 64
205.32 2048 5 1 4
194.32 2048 5 1 8
214.23 2048 5 1 16
200.46 2048 5 1 32
194.29 2048 5 1 64
123.45 2048 5 2 4
117.57 2048 5 2 8
131.98 2048 5 2 16
122.47 2048 5 2 32
117.92 2048 5 2 64
82.27 2048 5 4 4
124.81 2048 5 4 8
87.03 2048 5 4 16
81.33 2048 5 4 32
79.01 2048 5 4 64
51.76 2048 5 8 4
80.02 2048 5 8 8
46.62 2048 5 8 16
43.19 2048 5 8 32
41.14 2048 5 8 64
76.34 2048 5 16 4
83.02 2048 5 16 8
45.85 2048 5 16 16
41.87 2048 5 16 32
40.93 2048 5 16 64
243.90 2048 6 1 4
230.90 2048 6 1 8
254.76 2048 6 1 16
238.36 2048 6 1 32
232.32 2048 6 1 64
122.55 2048 6 2 4
121.99 2048 6 2 8
135.78 2048 6 2 16
122.09 2048 6 2 32
117.88 2048 6 2 64
111.93 2048 6 4 4
78.37 2048 6 4 8
89.75 2048 6 4 16
82.65 2048 6 4 32
79.25 2048 6 4 64
108.71 2048 6 8 4
83.85 2048 6 8 8
55.62 2048 6 8 16
43.71 2048 6 8 32
41.52 2048 6 8 64
116.05 2048 6 16 4
84.95 2048 6 16 8
50.77 2048 6 16 16
44.45 2048 6 16 32
42.08 2048 6 16 64
286.63 2048 7 1 4
273.04 2048 7 1 8
301.17 2048 7 1 16
282.55 2048 7 1 32
272.49 2048 7 1 64
164.35 2048 7 2 4
157.21 2048 7 2 8
174.74 2048 7 2 16
163.57 2048 7 2 32
158.44 2048 7 2 64
87.27 2048 7 4 4
80.97 2048 7 4 8
90.93 2048 7 4 16
82.34 2048 7 4 32
78.77 2048 7 4 64
63.16 2048 7 8 4
88.57 2048 7 8 8
49.32 2048 7 8 16
44.39 2048 7 8 32
42.31 2048 7 8 64
50.75 2048 7 16 4
85.69 2048 7 16 8
58.54 2048 7 16 16
43.95 2048 7 16 32
41.83 2048 7 16 64
326.69 2048 8 1 4
309.70 2048 8 1 8
341.68 2048 8 1 16
319.19 2048 8 1 32
311.57 2048 8 1 64
167.83 2048 8 2 4
160.22 2048 8 2 8
176.34 2048 8 2 16
163.34 2048 8 2 32
158.26 2048 8 2 64
98.24 2048 8 4 4
109.00 2048 8 4 8
99.85 2048 8 4 16
82.07 2048 8 4 32
80.48 2048 8 4 64
194.48 2048 8 8 4
89.69 2048 8 8 8
56.88 2048 8 8 16
44.01 2048 8 8 32
42.30 2048 8 8 64
215.32 2048 8 16 4
93.89 2048 8 16 8
51.29 2048 8 16 16
44.91 2048 8 16 32
42.28 2048 8 16 64
368.10 2048 9 1 4
349.04 2048 9 1 8
384.29 2048 9 1 16
360.53 2048 9 1 32
349.20 2048 9 1 64
206.44 2048 9 2 4
200.29 2048 9 2 8
220.68 2048 9 2 16
205.31 2048 9 2 32
197.05 2048 9 2 64
122.45 2048 9 4 4
116.54 2048 9 4 8
128.58 2048 9 4 16
121.44 2048 9 4 32
120.29 2048 9 4 64
159.89 2048 9 8 4
89.80 2048 9 8 8
89.33 2048 9 8 16
85.59 2048 9 8 32
81.69 2048 9 8 64
98.50 2048 9 16 4
88.25 2048 9 16 8
58.58 2048 9 16 16
45.27 2048 9 16 32
42.76 2048 9 16 64
408.46 2048 10 1 4
386.07 2048 10 1 8
425.92 2048 10 1 16
398.00 2048 10 1 32
388.23 2048 10 1 64
204.93 2048 10 2 4
195.52 2048 10 2 8
223.25 2048 10 2 16
205.28 2048 10 2 32
198.51 2048 10 2 64
134.92 2048 10 4 4
124.28 2048 10 4 8
132.84 2048 10 4 16
121.59 2048 10 4 32
119.72 2048 10 4 64
242.87 2048 10 8 4
87.12 2048 10 8 8
99.81 2048 10 8 16
85.11 2048 10 8 32
82.11 2048 10 8 64
129.50 2048 10 16 4
99.73 2048 10 16 8
58.53 2048 10 16 16
45.70 2048 10 16 32
42.89 2048 10 16 64
453.69 2048 11 1 4
429.95 2048 11 1 8
474.79 2048 11 1 16
444.15 2048 11 1 32
430.70 2048 11 1 64
248.35 2048 11 2 4
234.83 2048 11 2 8
259.50 2048 11 2 16
244.74 2048 11 2 32
237.57 2048 11 2 64
136.83 2048 11 4 4
119.76 2048 11 4 8
132.67 2048 11 4 16
123.06 2048 11 4 32
118.99 2048 11 4 64
235.41 2048 11 8 4
129.57 2048 11 8 8
97.60 2048 11 8 16
84.10 2048 11 8 32
82.46 2048 11 8 64
127.86 2048 11 16 4
90.46 2048 11 16 8
59.14 2048 11 16 16
45.43 2048 11 16 32
42.70 2048 11 16 64
491.71 2048 12 1 4
465.89 2048 12 1 8
515.14 2048 12 1 16
480.04 2048 12 1 32
468.01 2048 12 1 64
251.34 2048 12 2 4
241.38 2048 12 2 8
270.10 2048 12 2 16
246.50 2048 12 2 32
237.93 2048 12 2 64
130.27 2048 12 4 4
230.03 2048 12 4 8
133.46 2048 12 4 16
122.92 2048 12 4 32
120.97 2048 12 4 64
222.36 2048 12 8 4
144.71 2048 12 8 8
109.95 2048 12 8 16
84.81 2048 12 8 32
82.55 2048 12 8 64
102.75 2048 12 16 4
101.19 2048 12 16 8
59.13 2048 12 16 16
45.11 2048 12 16 32
42.96 2048 12 16 64
532.42 2048 13 1 4
504.94 2048 13 1 8
555.57 2048 13 1 16
521.40 2048 13 1 32
505.06 2048 13 1 64
288.10 2048 13 2 4
276.10 2048 13 2 8
309.41 2048 13 2 16
286.35 2048 13 2 32
278.72 2048 13 2 64
413.38 2048 13 4 4
158.54 2048 13 4 8
175.78 2048 13 4 16
162.23 2048 13 4 32
157.82 2048 13 4 64
95.45 2048 13 8 4
166.60 2048 13 8 8
98.61 2048 13 8 16
86.96 2048 13 8 32
83.90 2048 13 8 64
50.77 2048 13 16 4
99.30 2048 13 16 8
60.29 2048 13 16 16
45.54 2048 13 16 32
42.93 2048 13 16 64
571.91 2048 14 1 4
541.86 2048 14 1 8
597.95 2048 14 1 16
559.36 2048 14 1 32
545.53 2048 14 1 64
293.71 2048 14 2 4
277.97 2048 14 2 8
304.51 2048 14 2 16
285.72 2048 14 2 32
279.93 2048 14 2 64
174.88 2048 14 4 4
183.26 2048 14 4 8
175.58 2048 14 4 16
162.11 2048 14 4 32
157.25 2048 14 4 64
187.10 2048 14 8 4
168.87 2048 14 8 8
108.17 2048 14 8 16
86.89 2048 14 8 32
84.22 2048 14 8 64
73.07 2048 14 16 4
104.82 2048 14 16 8
59.82 2048 14 16 16
45.75 2048 14 16 32
42.92 2048 14 16 64
621.92 2048 15 1 4
588.64 2048 15 1 8
649.81 2048 15 1 16
607.71 2048 15 1 32
590.64 2048 15 1 64
329.45 2048 15 2 4
313.88 2048 15 2 8
359.32 2048 15 2 16
328.60 2048 15 2 32
318.83 2048 15 2 64
168.61 2048 15 4 4
162.05 2048 15 4 8
176.52 2048 15 4 16
164.68 2048 15 4 32
158.78 2048 15 4 64
356.00 2048 15 8 4
155.37 2048 15 8 8
107.71 2048 15 8 16
87.93 2048 15 8 32
84.66 2048 15 8 64
85.49 2048 15 16 4
95.28 2048 15 16 8
60.29 2048 15 16 16
45.41 2048 15 16 32
42.85 2048 15 16 64
654.12 2048 16 1 4
621.41 2048 16 1 8
684.43 2048 16 1 16
639.50 2048 16 1 32
623.33 2048 16 1 64
327.31 2048 16 2 4
315.14 2048 16 2 8
353.82 2048 16 2 16
327.42 2048 16 2 32
319.31 2048 16 2 64
181.02 2048 16 4 4
167.54 2048 16 4 8
182.53 2048 16 4 16
163.25 2048 16 4 32
159.91 2048 16 4 64
128.37 2048 16 8 4
170.77 2048 16 8 8
114.63 2048 16 8 16
88.69 2048 16 8 32
84.36 2048 16 8 64
130.13 2048 16 16 4
106.03 2048 16 16 8
60.99 2048 16 16 16
45.84 2048 16 16 32
42.91 2048 16 16 64
10.71 1024 2 1 4
9.39 1024 2 1 8
10.19 1024 2 1 16
9.96 1024 2 1 32
9.64 1024 2 1 64
5.22 1024 2 2 4
4.71 1024 2 2 8
5.16 1024 2 2 16
5.10 1024 2 2 32
4.95 1024 2 2 64
5.32 1024 2 4 4
4.82 1024 2 4 8
5.11 1024 2 4 16
5.06 1024 2 4 32
4.98 1024 2 4 64
5.37 1024 2 8 4
4.80 1024 2 8 8
5.31 1024 2 8 16
5.02 1024 2 8 32
4.95 1024 2 8 64
5.36 1024 2 16 4
4.80 1024 2 16 8
5.21 1024 2 16 16
5.04 1024 2 16 32
4.90 1024 2 16 64
15.68 1024 3 1 4
14.03 1024 3 1 8
15.32 1024 3 1 16
14.88 1024 3 1 32
14.55 1024 3 1 64
10.43 1024 3 2 4
9.71 1024 3 2 8
10.37 1024 3 2 16
10.00 1024 3 2 32
9.76 1024 3 2 64
6.07 1024 3 4 4
6.96 1024 3 4 8
5.22 1024 3 4 16
5.16 1024 3 4 32
5.04 1024 3 4 64
8.49 1024 3 8 4
4.87 1024 3 8 8
5.22 1024 3 8 16
5.18 1024 3 8 32
4.93 1024 3 8 64
10.70 1024 3 16 4
7.69 1024 3 16 8
5.36 1024 3 16 16
5.14 1024 3 16 32
5.00 1024 3 16 64
21.29 1024 4 1 4
18.82 1024 4 1 8
20.58 1024 4 1 16
20.02 1024 4 1 32
19.44 1024 4 1 64
10.50 1024 4 2 4
9.54 1024 4 2 8
10.38 1024 4 2 16
10.12 1024 4 2 32
9.86 1024 4 2 64
6.19 1024 4 4 4
4.91 1024 4 4 8
5.60 1024 4 4 16
5.23 1024 4 4 32
5.06 1024 4 4 64
10.63 1024 4 8 4
7.00 1024 4 8 8
5.35 1024 4 8 16
5.24 1024 4 8 32
5.03 1024 4 8 64
6.63 1024 4 16 4
5.09 1024 4 16 8
5.46 1024 4 16 16
5.18 1024 4 16 32
5.00 1024 4 16 64
26.19 1024 5 1 4
23.43 1024 5 1 
25.60 1024 5 1 16
24.84 1024 5 1 32
24.30 1024 5 1 64
16.24 1024 5 2 4
14.03 1024 5 2 8
15.37 1024 5 2 16
15.01 1024 5 2 32
14.64 1024 5 2 64
10.42 1024 5 4 4
10.29 1024 5 4 8
10.78 1024 5 4 16
10.16 1024 5 4 32
9.87 1024 5 4 64
12.57 1024 5 8 4
9.53 1024 5 8 8
5.92 1024 5 8 16
5.56 1024 5 8 32
5.24 1024 5 8 64
7.12 1024 5 16 4
7.19 1024 5 16 8
5.54 1024 5 16 16
5.30 1024 5 16 32
5.09 1024 5 16 64
31.43 1024 6 1 4
28.14 1024 6 1 8
30.83 1024 6 1 16
30.05 1024 6 1 32
29.16 1024 6 1 64
15.92 1024 6 2 4
14.35 1024 6 2 8
15.67 1024 6 2 16
15.43 1024 6 2 32
14.75 1024 6 2 64
11.69 1024 6 4 4
10.86 1024 6 4 8
10.51 1024 6 4 16
10.30 1024 6 4 32
9.97 1024 6 4 64
13.34 1024 6 8 4
10.49 1024 6 8 8
6.93 1024 6 8 16
5.49 1024 6 8 32
5.19 1024 6 8 64
22.93 1024 6 16 4
7.89 1024 6 16 8
6.31 1024 6 16 16
5.46 1024 6 16 32
5.17 1024 6 16 64
36.46 1024 7 1 4
32.65 1024 7 1 8
35.89 1024 7 1 16
34.75 1024 7 1 32
33.98 1024 7 1 64
20.84 1024 7 2 4
19.02 1024 7 2 8
20.72 1024 7 2 16
20.02 1024 7 2 32
19.76 1024 7 2 64
11.90 1024 7 4 4
10.45 1024 7 4 8
10.94 1024 7 4 16
10.31 1024 7 4 32
9.98 1024 7 4 64
8.46 1024 7 8 4
10.66 1024 7 8 8
6.31 1024 7 8 16
5.53 1024 7 8 32
5.25 1024 7 8 64
16.77 1024 7 16 4
8.49 1024 7 16 8
6.18 1024 7 16 16
5.48 1024 7 16 32
5.16 1024 7 16 64
41.98 1024 8 1 4
37.52 1024 8 1 8
41.08 1024 8 1 16
40.08 1024 8 1 32
38.94 1024 8 1 64
21.13 1024 8 2 4
18.97 1024 8 2 8
20.84 1024 8 2 16
20.16 1024 8 2 32
19.58 1024 8 2 64
11.30 1024 8 4 4
9.76 1024 8 4 8
10.76 1024 8 4 16
10.38 1024 8 4 32
10.03 1024 8 4 64
6.55 1024 8 8 4
10.97 1024 8 8 8
7.01 1024 8 8 16
5.56 1024 8 8 32
5.31 1024 8 8 64
9.56 1024 8 16 4
10.89 1024 8 16 8
6.71 1024 8 16 16
5.55 1024 8 16 32
5.24 1024 8 16 64
47.13 1024 9 1 4
42.17 1024 9 1 8
46.11 1024 9 1 16
44.72 1024 9 1 32
43.72 1024 9 1 64
26.43 1024 9 2 4
23.71 1024 9 2 8
25.85 1024 9 2 16
25.17 1024 9 2 32
24.55 1024 9 2 64
15.76 1024 9 4 4
14.29 1024 9 4 8
15.48 1024 9 4 16
15.05 1024 9 4 32
14.74 1024 9 4 64
19.88 1024 9 8 4
12.84 1024 9 8 8
10.66 1024 9 8 16
10.36 1024 9 8 32
10.01 1024 9 8 64
8.69 1024 9 16 4
10.94 1024 9 16 8
6.30 1024 9 16 16
5.60 1024 9 16 32
5.37 1024 9 16 64
53.20 1024 10 1 4
47.10 1024 10 1 8
51.49 1024 10 1 16
50.27 1024 10 1 32
48.82 1024 10 1 64
26.33 1024 10 2 4
23.57 1024 10 2 8
25.73 1024 10 2 16
25.39 1024 10 2 32
24.65 1024 10 2 64
16.28 1024 10 4 4
14.68 1024 10 4 8
15.70 1024 10 4 16
15.34 1024 10 4 32
15.17 1024 10 4 64
25.81 1024 10 8 4
17.02 1024 10 8 8
12.17 1024 10 8 16
10.59 1024 10 8 32
10.04 1024 10 8 64
6.09 1024 10 16 4
10.99 1024 10 16 8
6.15 1024 10 16 16
5.49 1024 10 16 32
5.33 1024 10 16 64
57.53 1024 11 1 4
51.63 1024 11 1 8
56.38 1024 11 1 16
54.68 1024 11 1 32
53.53 1024 11 1 64
31.38 1024 11 2 4
28.83 1024 11 2 8
30.92 1024 11 2 16
30.55 1024 11 2 32
29.69 1024 11 2 64
16.93 1024 11 4 4
14.83 1024 11 4 8
15.89 1024 11 4 16
15.54 1024 11 4 32
14.97 1024 11 4 64
24.67 1024 11 8 4
20.04 1024 11 8 8
11.10 1024 11 8 16
10.35 1024 11 8 32
10.24 1024 11 8 64
19.79 1024 11 16 4
12.15 1024 11 16 8
7.07 1024 11 16 16
5.68 1024 11 16 32
5.28 1024 11 16 64
62.85 1024 12 1 4
55.83 1024 12 1 8
61.21 1024 12 1 16
59.57 1024 12 1 32
57.87 1024 12 1 64
31.33 1024 12 2 4
28.62 1024 12 2 8
31.30 1024 12 2 16
30.13 1024 12 2 32
29.64 1024 12 2 64
17.49 1024 12 4 4
14.67 1024 12 4 8
15.70 1024 12 4 16
15.72 1024 12 4 32
15.07 1024 12 4 64
30.47 1024 12 8 4
20.35 1024 12 8 8
11.07 1024 12 8 16
10.80 1024 12 8 32
10.21 1024 12 8 64
8.37 1024 12 16 4
10.19 1024 12 16 8
7.04 1024 12 16 16
5.61 1024 12 16 32
5.33 1024 12 16 64
67.89 1024 13 1 4
60.76 1024 13 1 8
66.65 1024 13 1 16
64.63 1024 13 1 32
63.17 1024 13 1 64
38.14 1024 13 2 4
32.85 1024 13 2 8
36.91 1024 13 2 16
34.85 1024 13 2 32
34.21 1024 13 2 64
21.01 1024 13 4 4
19.59 1024 13 4 8
21.35 1024 13 4 16
20.37 1024 13 4 32
19.83 1024 13 4 64
27.70 1024 13 8 4
17.26 1024 13 8 8
11.22 1024 13 8 16
10.91 1024 13 8 32
10.37 1024 13 8 64
19.47 1024 13 16 4
11.73 1024 13 16 8
6.28 1024 13 16 16
5.68 1024 13 16 32
5.31 1024 13 16 64
72.40 1024 14 1 4
64.97 1024 14 1 8
71.24 1024 14 1 16
69.57 1024 14 1 32
67.55 1024 14 1 64
36.64 1024 14 2 4
34.59 1024 14 2 8
36.29 1024 14 2 16
35.17 1024 14 2 32
34.52 1024 14 2 64
21.91 1024 14 4 4
18.77 1024 14 4 8
20.61 1024 14 4 16
20.35 1024 14 4 32
19.68 1024 14 4 64
15.86 1024 14 8 4
20.76 1024 14 8 8
11.40 1024 14 8 16
10.96 1024 14 8 32
10.43 1024 14 8 64
19.02 1024 14 16 4
11.62 1024 14 16 8
7.16 1024 14 16 16
5.66 1024 14 16 32
5.30 1024 14 16 64
77.84 1024 15 1 4
69.55 1024 15 1 8
76.36 1024 15 1 16
73.95 1024 15 1 32
72.31 1024 15 1 64
42.80 1024 15 2 4
37.45 1024 15 2 8
40.93 1024 15 2 16
40.08 1024 15 2 32
39.20 1024 15 2 64
22.18 1024 15 4 4
20.91 1024 15 4 8
21.14 1024 15 4 16
20.43 1024 15 4 32
19.82 1024 15 4 64
30.42 1024 15 8 4
19.74 1024 15 8 8
12.01 1024 15 8 16
10.97 1024 15 8 32
10.42 1024 15 8 64
12.84 1024 15 16 4
12.36 1024 15 16 8
7.32 1024 15 16 16
5.68 1024 15 16 32
5.30 1024 15 16 64
82.90 1024 16 1 4
74.08 1024 16 1 8
81.14 1024 16 1 16
79.32 1024 16 1 32
77.03 1024 16 1 64
41.95 1024 16 2 4
37.67 1024 16 2 8
41.50 1024 16 2 16
40.80 1024 16 2 32
39.28 1024 16 2 64
21.69 1024 16 4 4
27.87 1024 16 4 8
21.58 1024 16 4 16
20.48 1024 16 4 32
19.97 1024 16 4 64
30.29 1024 16 8 4
23.20 1024 16 8 8
14.08 1024 16 8 16
11.19 1024 16 8 32
10.43 1024 16 8 64
15.02 1024 16 16 4
11.53 1024 16 16 8
7.15 1024 16 16 16
5.71 1024 16 16 32
5.41 1024 16 16 64
1.30 512 2 1 4
1.16 512 2 1 8
1.22 512 2 1 16
1.17 512 2 1 32
1.20 512 2 1 64
0.66 512 2 2 4
0.74 512 2 2 8
0.61 512 2 2 16
0.62 512 2 2 32
0.60 512 2 2 64
0.66 512 2 4 4
0.58 512 2 4 8
0.62 512 2 4 16
0.61 512 2 4 32
0.61 512 2 4 64
0.65 512 2 8 4
0.58 512 2 8 8
0.61 512 2 8 16
0.61 512 2 8 32
0.62 512 2 8 64
0.89 512 2 16 4
0.59 512 2 16 8
0.62 512 2 16 16
0.61 512 2 16 32
0.63 512 2 16 64
1.95 512 3 1 4
1.77 512 3 1 8
1.82 512 3 1 16
1.78 512 3 1 32
1.79 512 3 1 64
1.30 512 3 2 4
1.21 512 3 2 8
1.23 512 3 2 16
1.20 512 3 2 32
1.19 512 3 2 64
2.12 512 3 4 4
0.68 512 3 4 8
0.67 512 3 4 16
0.63 512 3 4 32
0.64 512 3 4 64
0.70 512 3 8 4
0.91 512 3 8 8
0.65 512 3 8 16
0.62 512 3 8 32
0.62 512 3 8 64
0.75 512 3 16 4
0.73 512 3 16 8
0.63 512 3 16 16
0.63 512 3 16 32
0.63 512 3 16 64
2.65 512 4 1 4
2.37 512 4 1 8
2.46 512 4 1 16
2.38 512 4 1 32
2.54 512 4 1 64
1.34 512 4 2 4
1.23 512 4 2 8
1.28 512 4 2 16
1.19 512 4 2 32
1.25 512 4 2 64
0.75 512 4 4 4
1.25 512 4 4 8
0.75 512 4 4 16
0.64 512 4 4 32
0.64 512 4 4 64
2.55 512 4 8 4
0.65 512 4 8 8
0.75 512 4 8 16
0.64 512 4 8 32
0.64 512 4 8 64
2.14 512 4 16 4
1.14 512 4 16 8
0.76 512 4 16 16
0.63 512 4 16 32
0.64 512 4 16 64
3.29 512 5 1 4
2.94 512 5 1 8
3.06 512 5 1 16
2.96 512 5 1 32
2.98 512 5 1 64
1.95 512 5 2 4
1.77 512 5 2 8
1.82 512 5 2 16
1.76 512 5 2 32
1.81 512 5 2 64
1.51 512 5 4 4
1.23 512 5 4 8
1.22 512 5 4 16
1.23 512 5 4 32
1.22 512 5 4 64
1.93 512 5 8 4
1.22 512 5 8 8
0.79 512 5 8 16
0.66 512 5 8 32
0.66 512 5 8 64
2.78 512 5 16 4
1.31 512 5 16 8
0.84 512 5 16 16
0.67 512 5 16 32
0.66 512 5 16 64
3.92 512 6 1 4
3.52 512 6 1 8
3.65 512 6 1 16
3.50 512 6 1 32
3.58 512 6 1 64
1.98 512 6 2 4
1.79 512 6 2 8
1.86 512 6 2 16
1.80 512 6 2 32
1.85 512 6 2 64
1.36 512 6 4 4
1.64 512 6 4 8
1.31 512 6 4 16
1.23 512 6 4 32
1.25 512 6 4 64
0.94 512 6 8 4
1.29 512 6 8 8
0.83 512 6 8 16
0.66 512 6 8 32
0.66 512 6 8 64
3.20 512 6 16 4
1.37 512 6 16 8
0.85 512 6 16 16
0.66 512 6 16 32
0.65 512 6 16 64
4.58 512 7 1 4
4.12 512 7 1 8
4.28 512 7 1 16
4.16 512 7 1 32
4.20 512 7 1 64
2.64 512 7 2 4
2.37 512 7 2 8
2.47 512 7 2 16
2.39 512 7 2 32
2.41 512 7 2 64
2.62 512 7 4 4
1.76 512 7 4 8
1.29 512 7 4 16
1.25 512 7 4 32
1.24 512 7 4 64
2.80 512 7 8 4
1.33 512 7 8 8
0.84 512 7 8 16
0.67 512 7 8 32
0.65 512 7 8 64
2.95 512 7 16 4
1.29 512 7 16 8
0.82 512 7 16 16
0.67 512 7 16 32
0.66 512 7 16 64
5.24 512 8 1 4
4.70 512 8 1 8
4.86 512 8 1 16
4.73 512 8 1 32
4.81 512 8 1 64
2.67 512 8 2 4
2.34 512 8 2 8
2.45 512 8 2 16
2.37 512 8 2 32
2.43 512 8 2 64
1.79 512 8 4 4
1.25 512 8 4 8
1.32 512 8 4 16
1.26 512 8 4 32
1.26 512 8 4 64
3.33 512 8 8 4
1.34 512 8 8 8
0.85 512 8 8 16
0.70 512 8 8 32
0.67 512 8 8 64
1.48 512 8 16 4
1.39 512 8 16 8
0.85 512 8 16 16
0.70 512 8 16 32
0.67 512 8 16 64
5.92 512 9 1 4
5.29 512 9 1 8
5.52 512 9 1 16
5.33 512 9 1 32
5.41 512 9 1 64
3.28 512 9 2 4
2.90 512 9 2 8
3.02 512 9 2 16
2.93 512 9 2 32
3.04 512 9 2 64
1.99 512 9 4 4
2.78 512 9 4 8
1.92 512 9 4 16
1.78 512 9 4 32
1.80 512 9 4 64
2.06 512 9 8 4
1.30 512 9 8 8
1.32 512 9 8 16
1.22 512 9 8 32
1.27 512 9 8 64
2.62 512 9 16 4
0.94 512 9 16 8
0.85 512 9 16 16
0.68 512 9 16 32
0.68 512 9 16 64
6.56 512 10 1 4
5.84 512 10 1 8
6.12 512 10 1 16
5.94 512 10 1 32
6.01 512 10 1 64
3.30 512 10 2 4
2.92 512 10 2 8
3.04 512 10 2 16
2.95 512 10 2 32
3.02 512 10 2 64
3.31 512 10 4 4
1.87 512 10 4 8
1.90 512 10 4 16
1.82 512 10 4 32
1.85 512 10 4 64
2.27 512 10 8 4
1.70 512 10 8 8
1.47 512 10 8 16
1.32 512 10 8 32
1.27 512 10 8 64
0.82 512 10 16 4
1.33 512 10 16 8
0.85 512 10 16 16
0.70 512 10 16 32
0.67 512 10 16 64
7.20 512 11 1 4
6.45 512 11 1 8
6.70 512 11 1 16
6.52 512 11 1 32
6.59 512 11 1 64
3.93 512 11 2 4
3.50 512 11 2 8
3.66 512 11 2 16
3.52 512 11 2 32
3.64 512 11 2 64
4.03 512 11 4 4
3.15 512 11 4 8
1.93 512 11 4 16
1.87 512 11 4 32
1.88 512 11 4 64
3.27 512 11 8 4
1.85 512 11 8 8
1.46 512 11 8 16
1.25 512 11 8 32
1.28 512 11 8 64
2.76 512 11 16 4
1.30 512 11 16 8
0.87 512 11 16 16
0.68 512 11 16 32
0.67 512 11 16 64
7.90 512 12 1 4
7.01 512 12 1 8
7.33 512 12 1 16
7.12 512 12 1 32
7.22 512 12 1 64
3.94 512 12 2 4
3.65 512 12 2 8
3.71 512 12 2 16
3.58 512 12 2 32
3.69 512 12 2 64
5.58 512 12 4 4
2.00 512 12 4 8
1.98 512 12 4 16
1.90 512 12 4 32
1.92 512 12 4 64
2.82 512 12 8 4
2.05 512 12 8 8
1.33 512 12 8 16
1.32 512 12 8 32
1.31 512 12 8 64
1.04 512 12 16 4
1.46 512 12 16 8
0.80 512 12 16 16
0.68 512 12 16 32
0.67 512 12 16 64
8.63 512 13 1 4
7.68 512 13 1 8
7.99 512 13 1 16
7.91 512 13 1 32
7.82 512 13 1 64
4.58 512 13 2 4
4.09 512 13 2 8
4.32 512 13 2 16
4.11 512 13 2 32
4.23 512 13 2 64
2.72 512 13 4 4
3.58 512 13 4 8
2.45 512 13 4 16
2.42 512 13 4 32
2.49 512 13 4 64
3.35 512 13 8 4
1.97 512 13 8 8
1.67 512 13 8 16
1.31 512 13 8 32
1.31 512 13 8 64
1.24 512 13 16 4
1.42 512 13 16 8
0.88 512 13 16 16
0.71 512 13 16 32
0.67 512 13 16 64
9.24 512 14 1 4
8.21 512 14 1 8
8.56 512 14 1 16
8.32 512 14 1 32
8.43 512 14 1 64
4.63 512 14 2 4
4.11 512 14 2 8
4.31 512 14 2 16
4.22 512 14 2 32
4.26 512 14 2 64
3.14 512 14 4 4
2.73 512 14 4 8
2.57 512 14 4 16
2.49 512 14 4 32
2.48 512 14 4 64
2.18 512 14 8 4
2.59 512 14 8 8
1.66 512 14 8 16
1.35 512 14 8 32
1.31 512 14 8 64
2.53 512 14 16 4
1.26 512 14 16 8
0.89 512 14 16 16
0.69 512 14 16 32
0.67 512 14 16 64
10.00 512 15 1 4
8.85 512 15 1 8
9.21 512 15 1 16
9.02 512 15 1 32
9.03 512 15 1 64
5.24 512 15 2 4
4.68 512 15 2 8
4.88 512 15 2 16
4.75 512 15 2 32
4.86 512 15 2 64
3.19 512 15 4 4
3.11 512 15 4 8
2.68 512 15 4 16
2.52 512 15 4 32
2.53 512 15 4 64
1.98 512 15 8 4
1.81 512 15 8 8
1.71 512 15 8 16
1.37 512 15 8 32
1.33 512 15 8 64
1.17 512 15 16 4
1.49 512 15 16 8
0.89 512 15 16 16
0.69 512 15 16 32
0.68 512 15 16 64
10.55 512 16 1 4
9.37 512 16 1 8
9.80 512 16 1 16
9.51 512 16 1 32
9.66 512 16 1 64
5.30 512 16 2 4
4.78 512 16 2 8
4.95 512 16 2 16
4.74 512 16 2 32
4.86 512 16 2 64
5.00 512 16 4 4
2.58 512 16 4 8
2.59 512 16 4 16
2.54 512 16 4 32
2.58 512 16 4 64
1.95 512 16 8 4
2.52 512 16 8 8
1.58 512 16 8 16
1.35 512 16 8 32
1.32 512 16 8 64
1.07 512 16 16 4
1.51 512 16 16 8
0.88 512 16 16 16
0.69 512 16 16 32
0.68 512 16 16 6