69.53 2048 2 1 4
44.70 2048 2 1 8
42.12 2048 2 1 16
41.65 2048 2 1 32
40.06 2048 2 1 64
36.31 2048 2 2 4
25.10 2048 2 2 8
22.61 2048 2 2 16
21.35 2048 2 2 32
20.50 2048 2 2 64
36.84 2048 2 4 4
26.29 2048 2 4 8
23.41 2048 2 4 16
22.21 2048 2 4 32
21.41 2048 2 4 64
28.26 2048 2 8 4
26.36 2048 2 8 8
24.13 2048 2 8 16
25.03 2048 2 8 32
24.01 2048 2 8 64
31.59 2048 2 16 4
30.72 2048 2 16 8
28.65 2048 2 16 16
27.40 2048 2 16 32
26.82 2048 2 16 64
111.21 2048 3 1 4
98.74 2048 3 1 8
90.15 2048 3 1 16
63.41 2048 3 1 32
60.03 2048 3 1 64
63.49 2048 3 2 4
47.33 2048 3 2 8
43.48 2048 3 2 16
42.52 2048 3 2 32
42.00 2048 3 2 64
39.14 2048 3 4 4
27.34 2048 3 4 8
24.67 2048 3 4 16
23.27 2048 3 4 32
23.98 2048 3 4 64
45.37 2048 3 8 4
30.90 2048 3 8 8
28.31 2048 3 8 16
28.36 2048 3 8 32
28.24 2048 3 8 64
47.71 2048 3 16 4
30.64 2048 3 16 8
31.18 2048 3 16 16
31.23 2048 3 16 32
30.41 2048 3 16 64
151.86 2048 4 1 4
88.55 2048 4 1 8
83.85 2048 4 1 16
83.43 2048 4 1 32
80.09 2048 4 1 64
73.62 2048 4 2 4
52.93 2048 4 2 8
46.71 2048 4 2 16
44.10 2048 4 2 32
45.15 2048 4 2 64
46.00 2048 4 4 4
31.79 2048 4 4 8
28.67 2048 4 4 16
29.33 2048 4 4 32
29.24 2048 4 4 64
46.34 2048 4 8 4
33.09 2048 4 8 8
30.72 2048 4 8 16
34.50 2048 4 8 32
34.27 2048 4 8 64
43.53 2048 4 16 4
39.94 2048 4 16 8
42.66 2048 4 16 16
54.60 2048 4 16 32
29.15 2048 4 16 64
140.74 2048 5 1 4
110.14 2048 5 1 8
105.47 2048 5 1 16
106.31 2048 5 1 32
105.82 2048 5 1 64
121.29 2048 5 2 4
85.54 2048 5 2 8
85.42 2048 5 2 16
96.71 2048 5 2 32
70.62 2048 5 2 64
65.39 2048 5 4 4
48.24 2048 5 4 8
44.59 2048 5 4 16
43.26 2048 5 4 32
41.43 2048 5 4 64
40.58 2048 5 8 4
29.25 2048 5 8 8
27.50 2048 5 8 16
26.06 2048 5 8 32
24.85 2048 5 8 64
42.22 2048 5 16 4
30.28 2048 5 16 8
27.31 2048 5 16 16
29.38 2048 5 16 32
28.59 2048 5 16 64
199.78 2048 6 1 4
178.15 2048 6 1 8
136.18 2048 6 1 16
124.63 2048 6 1 32
119.92 2048 6 1 64
106.83 2048 6 2 4
73.76 2048 6 2 8
65.99 2048 6 2 16
62.82 2048 6 2 32
60.05 2048 6 2 64
63.71 2048 6 4 4
50.37 2048 6 4 8
45.22 2048 6 4 16
43.03 2048 6 4 32
40.93 2048 6 4 64
39.21 2048 6 8 4
28.32 2048 6 8 8
26.20 2048 6 8 16
24.85 2048 6 8 32
23.49 2048 6 8 64
39.31 2048 6 16 4
29.40 2048 6 16 8
26.18 2048 6 16 16
24.81 2048 6 16 32
23.40 2048 6 16 64
189.90 2048 7 1 4
152.96 2048 7 1 8
145.78 2048 7 1 16
145.24 2048 7 1 32
139.96 2048 7 1 64
133.93 2048 7 2 4
95.32 2048 7 2 8
86.74 2048 7 2 16
83.57 2048 7 2 32
80.07 2048 7 2 64
72.93 2048 7 4 4
52.23 2048 7 4 8
45.96 2048 7 4 16
43.65 2048 7 4 32
41.48 2048 7 4 64
44.20 2048 7 8 4
31.85 2048 7 8 8
27.47 2048 7 8 16
26.20 2048 7 8 32
25.02 2048 7 8 64
43.31 2048 7 16 4
31.73 2048 7 16 8
27.41 2048 7 16 16
26.19 2048 7 16 32
25.00 2048 7 16 64
215.77 2048 8 1 4
174.46 2048 8 1 8
166.70 2048 8 1 16
166.07 2048 8 1 32
159.88 2048 8 1 64
141.42 2048 8 2 4
98.23 2048 8 2 8
87.94 2048 8 2 16
83.73 2048 8 2 32
80.06 2048 8 2 64
73.28 2048 8 4 4
51.79 2048 8 4 8
46.61 2048 8 4 16
43.94 2048 8 4 32
42.18 2048 8 4 64
49.97 2048 8 8 4
31.77 2048 8 8 8
28.52 2048 8 8 16
27.34 2048 8 8 32
26.05 2048 8 8 64
44.87 2048 8 16 4
32.15 2048 8 16 8
28.74 2048 8 16 16
27.34 2048 8 16 32
26.04 2048 8 16 64
241.70 2048 9 1 4
196.17 2048 9 1 8
187.79 2048 9 1 16
186.74 2048 9 1 32
179.96 2048 9 1 64
170.00 2048 9 2 4
113.18 2048 9 2 8
109.27 2048 9 2 16
104.97 2048 9 2 32
100.04 2048 9 2 64
81.03 2048 9 4 4
67.53 2048 9 4 8
67.15 2048 9 4 16
64.36 2048 9 4 32
61.76 2048 9 4 64
67.81 2048 9 8 4
50.78 2048 9 8 8
46.49 2048 9 8 16
45.96 2048 9 8 32
43.75 2048 9 8 64
43.04 2048 9 16 4
33.15 2048 9 16 8
32.01 2048 9 16 16
29.87 2048 9 16 32
28.54 2048 9 16 64
268.42 2048 10 1 4
215.40 2048 10 1 8
208.79 2048 10 1 16
207.69 2048 10 1 32
199.86 2048 10 1 64
167.94 2048 10 2 4
112.04 2048 10 2 8
110.01 2048 10 2 16 
104.71 2048 10 2 32
100.17 2048 10 2 64
100.68 2048 10 4 4
74.73 2048 10 4 8
68.40 2048 10 4 16
65.16 2048 10 4 32
62.27 2048 10 4 64
76.51 2048 10 8 4
51.59 2048 10 8 8
49.95 2048 10 8 16
54.79 2048 10 8 32
47.90 2048 10 8 64
45.10 2048 10 16 4
36.56 2048 10 16 8
34.99 2048 10 16 16
34.16 2048 10 16 32
34.06 2048 10 16 64
297.57 2048 11 1 4
237.57 2048 11 1 8
232.24 2048 11 1 16
235.50 2048 11 1 32