80.87 2048 2 1 4.0
77.01 2048 2 1 8.0
84.37 2048 2 1 16.0
79.17 2048 2 1 32.0
76.8 2048 2 1 64.0
62.74 2048 2 2 4.0
38.62 2048 2 2 8.0
46.74 2048 2 2 16.0
41.71 2048 2 2 32.0
39.05 2048 2 2 64.0
41.05 2048 2 4 4.0
50.92 2048 2 4 8.0
44.48 2048 2 4 16.0
41.51 2048 2 4 32.0
38.76 2048 2 4 64.0
41.11 2048 2 8 4.0
56.14 2048 2 8 8.0
48.99 2048 2 8 16.0
39.95 2048 2 8 32.0
39.03 2048 2 8 64.0
47.71 2048 2 16 4.0
44.46 2048 2 16 8.0
45.84 2048 2 16 16.0
41.19 2048 2 16 32.0
39.08 2048 2 16 64.0
122.27 2048 3 1 4.0
116.07 2048 3 1 8.0
127.51 2048 3 1 16.0
119.42 2048 3 1 32.0
115.63 2048 3 1 64.0
82.41 2048 3 2 4.0
90.91 2048 3 2 8.0
87.68 2048 3 2 16.0
79.93 2048 3 2 32.0
77.71 2048 3 2 64.0
44.18 2048 3 4 4.0
44.21 2048 3 4 8.0
46.36 2048 3 4 16.0
40.86 2048 3 4 32.0
39.83 2048 3 4 64.0
40.97 2048 3 8 4.0
38.94 2048 3 8 8.0
46.54 2048 3 8 16.0
41.87 2048 3 8 32.0
39.35 2048 3 8 64.0
45.39 2048 3 16 4.0
49.48 2048 3 16 8.0
46.11 2048 3 16 16.0
41.8 2048 3 16 32.0
39.78 2048 3 16 64.0
162.28 2048 4 1 4.0
153.49 2048 4 1 8.0
169.25 2048 4 1 16.0
158.81 2048 4 1 32.0
154.27 2048 4 1 64.0
97.21 2048 4 2 4.0
83.55 2048 4 2 8.0
85.81 2048 4 2 16.0
81.65 2048 4 2 32.0
78.28 2048 4 2 64.0
43.48 2048 4 4 4.0
47.27 2048 4 4 8.0
49.07 2048 4 4 16.0
40.86 2048 4 4 32.0
39.74 2048 4 4 64.0
122.17 2048 4 8 4.0
58.89 2048 4 8 8.0
47.65 2048 4 8 16.0
41.71 2048 4 8 32.0
39.81 2048 4 8 64.0
57.29 2048 4 16 4.0
48.45 2048 4 16 8.0
45.98 2048 4 16 16.0
42.31 2048 4 16 32.0
40.02 2048 4 16 64.0
205.0 2048 5 1 4.0
193.88 2048 5 1 8.0
213.93 2048 5 1 16.0
200.34 2048 5 1 32.0
194.15 2048 5 1 64.0
123.05 2048 5 2 4.0
117.1 2048 5 2 8.0
131.78 2048 5 2 16.0
122.12 2048 5 2 32.0
117.75 2048 5 2 64.0
81.82 2048 5 4 4.0
124.69 2048 5 4 8.0
86.66 2048 5 4 16.0
81.02 2048 5 4 32.0
78.65 2048 5 4 64.0
51.49 2048 5 8 4.0
79.9 2048 5 8 8.0
46.42 2048 5 8 16.0
43.06 2048 5 8 32.0
40.78 2048 5 8 64.0
75.93 2048 5 16 4.0
82.82 2048 5 16 8.0
45.62 2048 5 16 16.0
41.66 2048 5 16 32.0
40.77 2048 5 16 64.0
243.79 2048 6 1 4.0
230.67 2048 6 1 8.0
254.28 2048 6 1 16.0
238.18 2048 6 1 32.0
232.18 2048 6 1 64.0
122.1 2048 6 2 4.0
121.75 2048 6 2 8.0
135.38 2048 6 2 16.0
121.9 2048 6 2 32.0
117.69 2048 6 2 64.0
111.53 2048 6 4 4.0
78.23 2048 6 4 8.0
89.64 2048 6 4 16.0
82.53 2048 6 4 32.0
79.03 2048 6 4 64.0
108.38 2048 6 8 4.0
83.53 2048 6 8 8.0
55.43 2048 6 8 16.0
43.39 2048 6 8 32.0
41.26 2048 6 8 64.0
115.85 2048 6 16 4.0
84.52 2048 6 16 8.0
50.3 2048 6 16 16.0
44.22 2048 6 16 32.0
41.69 2048 6 16 64.0
286.44 2048 7 1 4.0
272.76 2048 7 1 8.0
300.81 2048 7 1 16.0
282.25 2048 7 1 32.0
272.0 2048 7 1 64.0
164.0 2048 7 2 4.0
156.86 2048 7 2 8.0
174.31 2048 7 2 16.0
163.29 2048 7 2 32.0
158.34 2048 7 2 64.0
87.08 2048 7 4 4.0
80.59 2048 7 4 8.0
90.72 2048 7 4 16.0
81.91 2048 7 4 32.0
78.38 2048 7 4 64.0
63.05 2048 7 8 4.0
88.44 2048 7 8 8.0
49.19 2048 7 8 16.0
44.14 2048 7 8 32.0
42.14 2048 7 8 64.0
50.4 2048 7 16 4.0
85.22 2048 7 16 8.0
58.32 2048 7 16 16.0
43.74 2048 7 16 32.0
41.51 2048 7 16 64.0
326.52 2048 8 1 4.0
309.5 2048 8 1 8.0
341.3 2048 8 1 16.0
318.95 2048 8 1 32.0
311.09 2048 8 1 64.0
167.36 2048 8 2 4.0
159.8 2048 8 2 8.0
175.87 2048 8 2 16.0
162.89 2048 8 2 32.0
158.05 2048 8 2 64.0
97.82 2048 8 4 4.0
108.65 2048 8 4 8.0
99.71 2048 8 4 16.0
81.76 2048 8 4 32.0
80.07 2048 8 4 64.0
194.38 2048 8 8 4.0
89.38 2048 8 8 8.0
56.77 2048 8 8 16.0
43.53 2048 8 8 32.0
42.2 2048 8 8 64.0
214.94 2048 8 16 4.0
93.72 2048 8 16 8.0
51.07 2048 8 16 16.0
44.65 2048 8 16 32.0
41.93 2048 8 16 64.0
367.94 2048 9 1 4.0
348.73 2048 9 1 8.0
384.12 2048 9 1 16.0
360.07 2048 9 1 32.0
348.84 2048 9 1 64.0
206.0 2048 9 2 4.0
199.88 2048 9 2 8.0
220.53 2048 9 2 16.0
205.16 2048 9 2 32.0
196.66 2048 9 2 64.0
122.0 2048 9 4 4.0
116.37 2048 9 4 8.0
128.33 2048 9 4 16.0
121.2 2048 9 4 32.0
119.86 2048 9 4 64.0
159.6 2048 9 8 4.0
89.69 2048 9 8 8.0
89.17 2048 9 8 16.0
85.43 2048 9 8 32.0
81.53 2048 9 8 64.0
98.2 2048 9 16 4.0
87.86 2048 9 16 8.0
58.22 2048 9 16 16.0
44.97 2048 9 16 32.0
42.61 2048 9 16 64.0
408.22 2048 10 1 4.0
385.93 2048 10 1 8.0
425.66 2048 10 1 16.0
397.7 2048 10 1 32.0
388.11 2048 10 1 64.0
204.67 2048 10 2 4.0
195.35 2048 10 2 8.0
222.96 2048 10 2 16.0
204.85 2048 10 2 32.0
198.37 2048 10 2 64.0
134.58 2048 10 4 4.0
123.88 2048 10 4 8.0
132.36 2048 10 4 16.0
121.4 2048 10 4 32.0
119.34 2048 10 4 64.0
242.68 2048 10 8 4.0
87.0 2048 10 8 8.0
99.6 2048 10 8 16.0
84.71 2048 10 8 32.0
81.63 2048 10 8 64.0
129.11 2048 10 16 4.0
99.26 2048 10 16 8.0
58.35 2048 10 16 16.0
45.51 2048 10 16 32.0
42.68 2048 10 16 64.0
453.52 2048 11 1 4.0
429.67 2048 11 1 8.0
474.33 2048 11 1 16.0
443.72 2048 11 1 32.0
430.44 2048 11 1 64.0
248.2 2048 11 2 4.0
234.47 2048 11 2 8.0
259.34 2048 11 2 16.0
244.28 2048 11 2 32.0
237.34 2048 11 2 64.0
136.61 2048 11 4 4.0
119.4 2048 11 4 8.0
132.55 2048 11 4 16.0
122.7 2048 11 4 32.0
118.53 2048 11 4 64.0
235.17 2048 11 8 4.0
129.09 2048 11 8 8.0
97.37 2048 11 8 16.0
83.94 2048 11 8 32.0
82.04 2048 11 8 64.0
127.52 2048 11 16 4.0
90.26 2048 11 16 8.0
58.91 2048 11 16 16.0
45.25 2048 11 16 32.0
42.5 2048 11 16 64.0
491.32 2048 12 1 4.0
465.43 2048 12 1 8.0
514.8 2048 12 1 16.0
479.86 2048 12 1 32.0
467.57 2048 12 1 64.0
251.02 2048 12 2 4.0
241.12 2048 12 2 8.0
269.65 2048 12 2 16.0
246.34 2048 12 2 32.0
237.59 2048 12 2 64.0
130.13 2048 12 4 4.0
229.67 2048 12 4 8.0
132.99 2048 12 4 16.0
122.67 2048 12 4 32.0
120.51 2048 12 4 64.0
222.07 2048 12 8 4.0
144.39 2048 12 8 8.0
109.78 2048 12 8 16.0
84.69 2048 12 8 32.0
82.38 2048 12 8 64.0
102.57 2048 12 16 4.0
100.77 2048 12 16 8.0
58.93 2048 12 16 16.0
44.88 2048 12 16 32.0
42.65 2048 12 16 64.0
531.97 2048 13 1 4.0
504.57 2048 13 1 8.0
555.41 2048 13 1 16.0
521.21 2048 13 1 32.0
504.79 2048 13 1 64.0
287.77 2048 13 2 4.0
275.95 2048 13 2 8.0
309.02 2048 13 2 16.0
285.96 2048 13 2 32.0
278.24 2048 13 2 64.0
413.25 2048 13 4 4.0
158.22 2048 13 4 8.0
175.37 2048 13 4 16.0
161.84 2048 13 4 32.0
157.36 2048 13 4 64.0
95.0 2048 13 8 4.0
166.46 2048 13 8 8.0
98.45 2048 13 8 16.0
86.8 2048 13 8 32.0
83.71 2048 13 8 64.0
50.59 2048 13 16 4.0
99.08 2048 13 16 8.0
60.18 2048 13 16 16.0
45.05 2048 13 16 32.0
42.45 2048 13 16 64.0
571.47 2048 14 1 4.0
541.5 2048 14 1 8.0
597.49 2048 14 1 16.0
559.25 2048 14 1 32.0
545.09 2048 14 1 64.0
293.29 2048 14 2 4.0
277.8 2048 14 2 8.0
304.2 2048 14 2 16.0
285.47 2048 14 2 32.0
279.61 2048 14 2 64.0
174.51 2048 14 4 4.0
182.84 2048 14 4 8.0
175.35 2048 14 4 16.0
161.82 2048 14 4 32.0
157.07 2048 14 4 64.0
186.73 2048 14 8 4.0
168.74 2048 14 8 8.0
108.0 2048 14 8 16.0
86.61 2048 14 8 32.0
83.94 2048 14 8 64.0
72.68 2048 14 16 4.0
104.4 2048 14 16 8.0
59.71 2048 14 16 16.0
45.61 2048 14 16 32.0
42.68 2048 14 16 64.0
621.65 2048 15 1 4.0
588.25 2048 15 1 8.0
649.63 2048 15 1 16.0
607.24 2048 15 1 32.0
590.52 2048 15 1 64.0
329.11 2048 15 2 4.0
313.72 2048 15 2 8.0
359.13 2048 15 2 16.0
328.27 2048 15 2 32.0
318.34 2048 15 2 64.0
168.5 2048 15 4 4.0
161.94 2048 15 4 8.0
176.41 2048 15 4 16.0
164.5 2048 15 4 32.0
158.64 2048 15 4 64.0
355.86 2048 15 8 4.0
154.93 2048 15 8 8.0
107.39 2048 15 8 16.0
87.48 2048 15 8 32.0
84.25 2048 15 8 64.0
85.08 2048 15 16 4.0
95.16 2048 15 16 8.0
60.05 2048 15 16 16.0
45.2 2048 15 16 32.0
42.46 2048 15 16 64.0
653.84 2048 16 1 4.0
621.18 2048 16 1 8.0
683.94 2048 16 1 16.0
639.19 2048 16 1 32.0
622.87 2048 16 1 64.0
326.85 2048 16 2 4.0
314.79 2048 16 2 8.0
353.56 2048 16 2 16.0
327.17 2048 16 2 32.0
318.82 2048 16 2 64.0
180.87 2048 16 4 4.0
167.29 2048 16 4 8.0
182.15 2048 16 4 16.0
162.8 2048 16 4 32.0
159.46 2048 16 4 64.0
128.21 2048 16 8 4.0
170.32 2048 16 8 8.0
114.52 2048 16 8 16.0
88.25 2048 16 8 32.0
84.14 2048 16 8 64.0
129.73 2048 16 16 4.0
105.59 2048 16 16 8.0
60.51 2048 16 16 16.0
45.45 2048 16 16 32.0
42.5 2048 16 16 64.0
10.32 1024 2 1 4.0
8.96 1024 2 1 8.0
9.82 1024 2 1 16.0
9.62 1024 2 1 32.0
9.32 1024 2 1 64.0
5.04 1024 2 2 4.0
4.44 1024 2 2 8.0
4.92 1024 2 2 16.0
4.91 1024 2 2 32.0
4.83 1024 2 2 64.0
4.91 1024 2 4 4.0
4.71 1024 2 4 8.0
4.82 1024 2 4 16.0
4.71 1024 2 4 32.0
4.77 1024 2 4 64.0
5.17 1024 2 8 4.0
4.33 1024 2 8 8.0
4.85 1024 2 8 16.0
4.89 1024 2 8 32.0
4.77 1024 2 8 64.0
5.06 1024 2 16 4.0
4.59 1024 2 16 8.0
5.06 1024 2 16 16.0
4.85 1024 2 16 32.0
4.67 1024 2 16 64.0
15.23 1024 3 1 4.0
13.62 1024 3 1 8.0
15.09 1024 3 1 16.0
14.78 1024 3 1 32.0
14.42 1024 3 1 64.0
10.29 1024 3 2 4.0
9.43 1024 3 2 8.0
10.06 1024 3 2 16.0
9.71 1024 3 2 32.0
9.64 1024 3 2 64.0
5.95 1024 3 4 4.0
6.71 1024 3 4 8.0
4.77 1024 3 4 16.0
4.81 1024 3 4 32.0
4.61 1024 3 4 64.0
8.09 1024 3 8 4.0
4.5 1024 3 8 8.0
5.02 1024 3 8 16.0
4.74 1024 3 8 32.0
4.6 1024 3 8 64.0
10.25 1024 3 16 4.0
7.41 1024 3 16 8.0
5.1 1024 3 16 16.0
4.84 1024 3 16 32.0
4.56 1024 3 16 64.0
20.95 1024 4 1 4.0
18.37 1024 4 1 8.0
20.29 1024 4 1 16.0
19.78 1024 4 1 32.0
18.95 1024 4 1 64.0
10.16 1024 4 2 4.0
9.28 1024 4 2 8.0
10.07 1024 4 2 16.0
9.83 1024 4 2 32.0
9.7 1024 4 2 64.0
5.99 1024 4 4 4.0
4.58 1024 4 4 8.0
5.29 1024 4 4 16.0
4.81 1024 4 4 32.0
4.64 1024 4 4 64.0
10.33 1024 4 8 4.0
6.65 1024 4 8 8.0
5.08 1024 4 8 16.0
4.78 1024 4 8 32.0
4.66 1024 4 8 64.0
6.4 1024 4 16 4.0
4.98 1024 4 16 8.0
5.21 1024 4 16 16.0
4.92 1024 4 16 32.0
4.63 1024 4 16 64.0
25.98 1024 5 1 4.0
23.15 1024 5 1 
25.24 1024 5 1 16.0
24.45 1024 5 1 32.0
23.97 1024 5 1 64.0
16.1 1024 5 2 4.0
13.75 1024 5 2 8.0
15.23 1024 5 2 16.0
14.64 1024 5 2 32.0
14.35 1024 5 2 64.0
10.07 1024 5 4 4.0
9.9 1024 5 4 8.0
10.38 1024 5 4 16.0
9.87 1024 5 4 32.0
9.67 1024 5 4 64.0
12.25 1024 5 8 4.0
9.33 1024 5 8 8.0
5.46 1024 5 8 16.0
5.3 1024 5 8 32.0
5.0 1024 5 8 64.0
6.94 1024 5 16 4.0
7.06 1024 5 16 8.0
5.24 1024 5 16 16.0
5.15 1024 5 16 32.0
4.81 1024 5 16 64.0
31.09 1024 6 1 4.0
27.92 1024 6 1 8.0
30.63 1024 6 1 16.0
29.7 1024 6 1 32.0
28.78 1024 6 1 64.0
15.57 1024 6 2 4.0
14.15 1024 6 2 8.0
15.35 1024 6 2 16.0
15.3 1024 6 2 32.0
14.36 1024 6 2 64.0
11.41 1024 6 4 4.0
10.62 1024 6 4 8.0
10.35 1024 6 4 16.0
9.97 1024 6 4 32.0
9.73 1024 6 4 64.0
13.15 1024 6 8 4.0
10.08 1024 6 8 8.0
6.53 1024 6 8 16.0
5.25 1024 6 8 32.0
4.83 1024 6 8 64.0
22.53 1024 6 16 4.0
7.43 1024 6 16 8.0
5.99 1024 6 16 16.0
5.33 1024 6 16 32.0
5.01 1024 6 16 64.0
36.24 1024 7 1 4.0
32.37 1024 7 1 8.0
35.49 1024 7 1 16.0
34.38 1024 7 1 32.0
33.87 1024 7 1 64.0
20.37 1024 7 2 4.0
18.55 1024 7 2 8.0
20.56 1024 7 2 16.0
19.89 1024 7 2 32.0
19.36 1024 7 2 64.0
11.74 1024 7 4 4.0
10.35 1024 7 4 8.0
10.69 1024 7 4 16.0
9.88 1024 7 4 32.0
9.85 1024 7 4 64.0
8.27 1024 7 8 4.0
10.25 1024 7 8 8.0
6.06 1024 7 8 16.0
5.13 1024 7 8 32.0
4.85 1024 7 8 64.0
16.39 1024 7 16 4.0
8.18 1024 7 16 8.0
5.95 1024 7 16 16.0
5.33 1024 7 16 32.0
5.04 1024 7 16 64.0
41.72 1024 8 1 4.0
37.39 1024 8 1 8.0
40.92 1024 8 1 16.0
39.64 1024 8 1 32.0
38.58 1024 8 1 64.0
20.73 1024 8 2 4.0
18.78 1024 8 2 8.0
20.38 1024 8 2 16.0
19.97 1024 8 2 32.0
19.09 1024 8 2 64.0
10.91 1024 8 4 4.0
9.63 1024 8 4 8.0
10.47 1024 8 4 16.0
10.19 1024 8 4 32.0
9.82 1024 8 4 64.0
6.37 1024 8 8 4.0
10.53 1024 8 8 8.0
6.9 1024 8 8 16.0
5.3 1024 8 8 32.0
5.17 1024 8 8 64.0
9.17 1024 8 16 4.0
10.58 1024 8 16 8.0
6.27 1024 8 16 16.0
5.25 1024 8 16 32.0
4.79 1024 8 16 64.0
46.8 1024 9 1 4.0
41.89 1024 9 1 8.0
45.82 1024 9 1 16.0
44.51 1024 9 1 32.0
43.59 1024 9 1 64.0
25.97 1024 9 2 4.0
23.29 1024 9 2 8.0
25.44 1024 9 2 16.0
24.71 1024 9 2 32.0
24.26 1024 9 2 64.0
15.32 1024 9 4 4.0
14.16 1024 9 4 8.0
15.07 1024 9 4 16.0
14.82 1024 9 4 32.0
14.58 1024 9 4 64.0
19.61 1024 9 8 4.0
12.37 1024 9 8 8.0
10.2 1024 9 8 16.0
10.21 1024 9 8 32.0
9.9 1024 9 8 64.0
8.3 1024 9 16 4.0
10.54 1024 9 16 8.0
5.82 1024 9 16 16.0
5.46 1024 9 16 32.0
5.1 1024 9 16 64.0
52.81 1024 10 1 4.0
46.88 1024 10 1 8.0
51.03 1024 10 1 16.0
49.81 1024 10 1 32.0
48.66 1024 10 1 64.0
26.19 1024 10 2 4.0
23.27 1024 10 2 8.0
25.58 1024 10 2 16.0
24.95 1024 10 2 32.0
24.37 1024 10 2 64.0
16.07 1024 10 4 4.0
14.26 1024 10 4 8.0
15.23 1024 10 4 16.0
14.9 1024 10 4 32.0
14.82 1024 10 4 64.0
25.7 1024 10 8 4.0
16.68 1024 10 8 8.0
11.75 1024 10 8 16.0
10.21 1024 10 8 32.0
9.6 1024 10 8 64.0
5.62 1024 10 16 4.0
10.76 1024 10 16 8.0
5.84 1024 10 16 16.0
5.28 1024 10 16 32.0
5.08 1024 10 16 64.0
57.15 1024 11 1 4.0
51.26 1024 11 1 8.0
56.03 1024 11 1 16.0
54.27 1024 11 1 32.0
53.24 1024 11 1 64.0
31.01 1024 11 2 4.0
28.53 1024 11 2 8.0
30.57 1024 11 2 16.0
30.36 1024 11 2 32.0
29.55 1024 11 2 64.0
16.7 1024 11 4 4.0
14.72 1024 11 4 8.0
15.78 1024 11 4 16.0
15.4 1024 11 4 32.0
14.74 1024 11 4 64.0
24.51 1024 11 8 4.0
19.87 1024 11 8 8.0
10.92 1024 11 8 16.0
10.04 1024 11 8 32.0
9.83 1024 11 8 64.0
19.32 1024 11 16 4.0
11.9 1024 11 16 8.0
6.74 1024 11 16 16.0
5.34 1024 11 16 32.0
4.81 1024 11 16 64.0
62.46 1024 12 1 4.0
55.67 1024 12 1 8.0
60.97 1024 12 1 16.0
59.08 1024 12 1 32.0
57.69 1024 12 1 64.0
30.86 1024 12 2 4.0
28.34 1024 12 2 8.0
31.17 1024 12 2 16.0
29.82 1024 12 2 32.0
29.29 1024 12 2 64.0
17.26 1024 12 4 4.0
14.28 1024 12 4 8.0
15.32 1024 12 4 16.0
15.52 1024 12 4 32.0
14.65 1024 12 4 64.0
30.14 1024 12 8 4.0
19.86 1024 12 8 8.0
10.91 1024 12 8 16.0
10.58 1024 12 8 32.0
10.02 1024 12 8 64.0
8.14 1024 12 16 4.0
9.83 1024 12 16 8.0
6.75 1024 12 16 16.0
5.46 1024 12 16 32.0
5.06 1024 12 16 64.0
67.7 1024 13 1 4.0
60.59 1024 13 1 8.0
66.36 1024 13 1 16.0
64.24 1024 13 1 32.0
62.89 1024 13 1 64.0
37.78 1024 13 2 4.0
32.49 1024 13 2 8.0
36.8 1024 13 2 16.0
34.68 1024 13 2 32.0
33.86 1024 13 2 64.0
20.76 1024 13 4 4.0
19.46 1024 13 4 8.0
21.24 1024 13 4 16.0
20.07 1024 13 4 32.0
19.41 1024 13 4 64.0
27.33 1024 13 8 4.0
17.12 1024 13 8 8.0
10.73 1024 13 8 16.0
10.79 1024 13 8 32.0
9.95 1024 13 8 64.0
19.3 1024 13 16 4.0
11.46 1024 13 16 8.0
5.98 1024 13 16 16.0
5.46 1024 13 16 32.0
5.17 1024 13 16 64.0
72.19 1024 14 1 4.0
64.54 1024 14 1 8.0
70.91 1024 14 1 16.0
69.22 1024 14 1 32.0
67.25 1024 14 1 64.0
36.4 1024 14 2 4.0
34.37 1024 14 2 8.0
36.05 1024 14 2 16.0
35.07 1024 14 2 32.0
34.07 1024 14 2 64.0
21.81 1024 14 4 4.0
18.32 1024 14 4 8.0
20.19 1024 14 4 16.0
20.0 1024 14 4 32.0
19.5 1024 14 4 64.0
15.74 1024 14 8 4.0
20.39 1024 14 8 8.0
11.03 1024 14 8 16.0
10.76 1024 14 8 32.0
10.31 1024 14 8 64.0
18.62 1024 14 16 4.0
11.3 1024 14 16 8.0
6.77 1024 14 16 16.0
5.41 1024 14 16 32.0
5.03 1024 14 16 64.0
77.45 1024 15 1 4.0
69.23 1024 15 1 8.0
75.97 1024 15 1 16.0
73.81 1024 15 1 32.0
72.21 1024 15 1 64.0
42.48 1024 15 2 4.0
37.11 1024 15 2 8.0
40.81 1024 15 2 16.0
39.82 1024 15 2 32.0
38.83 1024 15 2 64.0
21.81 1024 15 4 4.0
20.76 1024 15 4 8.0
20.65 1024 15 4 16.0
20.16 1024 15 4 32.0
19.6 1024 15 4 64.0
30.26 1024 15 8 4.0
19.51 1024 15 8 8.0
11.56 1024 15 8 16.0
10.85 1024 15 8 32.0
10.02 1024 15 8 64.0
12.43 1024 15 16 4.0
12.01 1024 15 16 8.0
6.94 1024 15 16 16.0
5.4 1024 15 16 32.0
4.86 1024 15 16 64.0
82.66 1024 16 1 4.0
73.65 1024 16 1 8.0
80.98 1024 16 1 16.0
79.17 1024 16 1 32.0
76.89 1024 16 1 64.0
41.58 1024 16 2 4.0
37.24 1024 16 2 8.0
41.13 1024 16 2 16.0
40.53 1024 16 2 32.0
38.84 1024 16 2 64.0
21.5 1024 16 4 4.0
27.64 1024 16 4 8.0
21.16 1024 16 4 16.0
20.38 1024 16 4 32.0
19.7 1024 16 4 64.0
29.9 1024 16 8 4.0
22.75 1024 16 8 8.0
13.81 1024 16 8 16.0
10.9 1024 16 8 32.0
10.28 1024 16 8 64.0
14.74 1024 16 16 4.0
11.07 1024 16 16 8.0
6.71 1024 16 16 16.0
5.28 1024 16 16 32.0
5.18 1024 16 16 64.0
0.95 512 2 1 4.0
1.02 512 2 1 8.0
0.75 512 2 1 16.0
0.93 512 2 1 32.0
0.87 512 2 1 64.0
0.25 512 2 2 4.0
0.55 512 2 2 8.0
0.32 512 2 2 16.0
0.52 512 2 2 32.0
0.27 512 2 2 64.0
0.27 512 2 4 4.0
0.23 512 2 4 8.0
0.51 512 2 4 16.0
0.26 512 2 4 32.0
0.24 512 2 4 64.0
0.55 512 2 8 4.0
0.25 512 2 8 8.0
0.25 512 2 8 16.0
0.13 512 2 8 32.0
0.45 512 2 8 64.0
0.58 512 2 16 4.0
0.23 512 2 16 8.0
0.43 512 2 16 16.0
0.34 512 2 16 32.0
0.29 512 2 16 64.0
1.73 512 3 1 4.0
1.43 512 3 1 8.0
1.35 512 3 1 16.0
1.58 512 3 1 32.0
1.67 512 3 1 64.0
1.09 512 3 2 4.0
0.83 512 3 2 8.0
0.96 512 3 2 16.0
0.77 512 3 2 32.0
0.76 512 3 2 64.0
2.02 512 3 4 4.0
0.2 512 3 4 8.0
0.31 512 3 4 16.0
0.35 512 3 4 32.0
0.51 512 3 4 64.0
0.46 512 3 8 4.0
0.78 512 3 8 8.0
0.5 512 3 8 16.0
0.48 512 3 8 32.0
0.14 512 3 8 64.0
0.31 512 3 16 4.0
0.45 512 3 16 8.0
0.51 512 3 16 16.0
0.52 512 3 16 32.0
0.5 512 3 16 64.0
2.2 512 4 1 4.0
2.14 512 4 1 8.0
2.08 512 4 1 16.0
2.27 512 4 1 32.0
2.27 512 4 1 64.0
1.16 512 4 2 4.0
0.81 512 4 2 8.0
1.1 512 4 2 16.0
1.07 512 4 2 32.0
0.95 512 4 2 64.0
0.43 512 4 4 4.0
0.88 512 4 4 8.0
0.42 512 4 4 16.0
0.33 512 4 4 32.0
0.35 512 4 4 64.0
2.45 512 4 8 4.0
0.16 512 4 8 8.0
0.53 512 4 8 16.0
0.45 512 4 8 32.0
0.28 512 4 8 64.0
1.88 512 4 16 4.0
0.84 512 4 16 8.0
0.27 512 4 16 16.0
0.33 512 4 16 32.0
0.49 512 4 16 64.0
3.02 512 5 1 4.0
2.72 512 5 1 8.0
2.89 512 5 1 16.0
2.73 512 5 1 32.0
2.88 512 5 1 64.0
1.54 512 5 2 4.0
1.3 512 5 2 8.0
1.36 512 5 2 16.0
1.54 512 5 2 32.0
1.68 512 5 2 64.0
1.11 512 5 4 4.0
1.12 512 5 4 8.0
0.73 512 5 4 16.0
0.76 512 5 4 32.0
0.94 512 5 4 64.0
1.81 512 5 8 4.0
1.09 512 5 8 8.0
0.39 512 5 8 16.0
0.32 512 5 8 32.0
0.39 512 5 8 64.0
2.5 512 5 16 4.0
1.04 512 5 16 8.0
0.39 512 5 16 16.0
0.2 512 5 16 32.0
0.48 512 5 16 64.0
3.71 512 6 1 4.0
3.33 512 6 1 8.0
3.35 512 6 1 16.0
3.37 512 6 1 32.0
3.39 512 6 1 64.0
1.72 512 6 2 4.0
1.33 512 6 2 8.0
1.46 512 6 2 16.0
1.51 512 6 2 32.0
1.39 512 6 2 64.0
0.96 512 6 4 4.0
1.52 512 6 4 8.0
1.15 512 6 4 16.0
0.78 512 6 4 32.0
0.86 512 6 4 64.0
0.52 512 6 8 4.0
0.8 512 6 8 8.0
0.52 512 6 8 16.0
0.31 512 6 8 32.0
0.45 512 6 8 64.0
2.9 512 6 16 4.0
1.08 512 6 16 8.0
0.45 512 6 16 16.0
0.41 512 6 16 32.0
0.24 512 6 16 64.0
4.25 512 7 1 4.0
3.94 512 7 1 8.0
4.14 512 7 1 16.0
3.7 512 7 1 32.0
4.06 512 7 1 64.0
2.2 512 7 2 4.0
2.21 512 7 2 8.0
2.2 512 7 2 16.0
1.9 512 7 2 32.0
2.06 512 7 2 64.0
2.21 512 7 4 4.0
1.34 512 7 4 8.0
0.95 512 7 4 16.0
1.0 512 7 4 32.0
0.88 512 7 4 64.0
2.59 512 7 8 4.0
1.15 512 7 8 8.0
0.64 512 7 8 16.0
0.39 512 7 8 32.0
0.47 512 7 8 64.0
2.54 512 7 16 4.0
0.91 512 7 16 8.0
0.58 512 7 16 16.0
0.4 512 7 16 32.0
0.17 512 7 16 64.0
5.0 512 8 1 4.0
4.42 512 8 1 8.0
4.46 512 8 1 16.0
4.46 512 8 1 32.0
4.55 512 8 1 64.0
2.47 512 8 2 4.0
1.89 512 8 2 8.0
2.1 512 8 2 16.0
1.93 512 8 2 32.0
1.96 512 8 2 64.0
1.3 512 8 4 4.0
0.83 512 8 4 8.0
1.16 512 8 4 16.0
0.78 512 8 4 32.0
0.77 512 8 4 64.0
2.89 512 8 8 4.0
0.91 512 8 8 8.0
0.71 512 8 8 16.0
0.6 512 8 8 32.0
0.5 512 8 8 64.0
1.32 512 8 16 4.0
1.21 512 8 16 8.0
0.5 512 8 16 16.0
0.38 512 8 16 32.0
0.52 512 8 16 64.0
5.44 512 9 1 4.0
5.08 512 9 1 8.0
5.14 512 9 1 16.0
5.14 512 9 1 32.0
5.27 512 9 1 64.0
3.05 512 9 2 4.0
2.43 512 9 2 8.0
2.88 512 9 2 16.0
2.52 512 9 2 32.0
2.73 512 9 2 64.0
1.65 512 9 4 4.0
2.46 512 9 4 8.0
1.82 512 9 4 16.0
1.36 512 9 4 32.0
1.4 512 9 4 64.0
1.85 512 9 8 4.0
0.96 512 9 8 8.0
1.07 512 9 8 16.0
1.1 512 9 8 32.0
1.07 512 9 8 64.0
2.46 512 9 16 4.0
0.79 512 9 16 8.0
0.62 512 9 16 16.0
0.3 512 9 16 32.0
0.38 512 9 16 64.0
6.42 512 10 1 4.0
5.51 512 10 1 8.0
5.69 512 10 1 16.0
5.6 512 10 1 32.0
5.56 512 10 1 64.0
3.03 512 10 2 4.0
2.51 512 10 2 8.0
2.71 512 10 2 16.0
2.59 512 10 2 32.0
2.91 512 10 2 64.0
2.86 512 10 4 4.0
1.73 512 10 4 8.0
1.75 512 10 4 16.0
1.57 512 10 4 32.0
1.75 512 10 4 64.0
1.93 512 10 8 4.0
1.33 512 10 8 8.0
0.99 512 10 8 16.0
1.01 512 10 8 32.0
0.82 512 10 8 64.0
0.44 512 10 16 4.0
1.0 512 10 16 8.0
0.6 512 10 16 16.0
0.53 512 10 16 32.0
0.26 512 10 16 64.0
7.1 512 11 1 4.0
6.3 512 11 1 8.0
6.57 512 11 1 16.0
6.14 512 11 1 32.0
6.36 512 11 1 64.0
3.76 512 11 2 4.0
3.24 512 11 2 8.0
3.22 512 11 2 16.0
3.37 512 11 2 32.0
3.17 512 11 2 64.0
3.82 512 11 4 4.0
2.93 512 11 4 8.0
1.64 512 11 4 16.0
1.47 512 11 4 32.0
1.53 512 11 4 64.0
3.17 512 11 8 4.0
1.45 512 11 8 8.0
1.01 512 11 8 16.0
1.06 512 11 8 32.0
1.15 512 11 8 64.0
2.54 512 11 16 4.0
0.96 512 11 16 8.0
0.51 512 11 16 16.0
0.19 512 11 16 32.0
0.29 512 11 16 64.0
7.69 512 12 1 4.0
6.54 512 12 1 8.0
6.92 512 12 1 16.0
6.93 512 12 1 32.0
6.86 512 12 1 64.0
3.77 512 12 2 4.0
3.47 512 12 2 8.0
3.29 512 12 2 16.0
3.17 512 12 2 32.0
3.32 512 12 2 64.0
5.29 512 12 4 4.0
1.8 512 12 4 8.0
1.64 512 12 4 16.0
1.61 512 12 4 32.0
1.76 512 12 4 64.0
2.59 512 12 8 4.0
1.68 512 12 8 8.0
0.93 512 12 8 16.0
1.01 512 12 8 32.0
0.9 512 12 8 64.0
0.85 512 12 16 4.0
1.17 512 12 16 8.0
0.38 512 12 16 16.0
0.49 512 12 16 32.0
0.33 512 12 16 64.0
8.45 512 13 1 4.0
7.29 512 13 1 8.0
7.63 512 13 1 16.0
7.79 512 13 1 32.0
7.46 512 13 1 64.0
4.31 512 13 2 4.0
3.88 512 13 2 8.0
4.14 512 13 2 16.0
3.79 512 13 2 32.0
3.79 512 13 2 64.0
2.24 512 13 4 4.0
3.47 512 13 4 8.0
2.15 512 13 4 16.0
2.11 512 13 4 32.0
2.39 512 13 4 64.0
3.1 512 13 8 4.0
1.59 512 13 8 8.0
1.33 512 13 8 16.0
1.01 512 13 8 32.0
0.94 512 13 8 64.0
0.98 512 13 16 4.0
1.24 512 13 16 8.0
0.6 512 13 16 16.0
0.39 512 13 16 32.0
0.47 512 13 16 64.0
9.03 512 14 1 4.0
7.97 512 14 1 8.0
8.24 512 14 1 16.0
7.85 512 14 1 32.0
8.16 512 14 1 64.0
4.31 512 14 2 4.0
3.94 512 14 2 8.0
4.05 512 14 2 16.0
4.07 512 14 2 32.0
4.11 512 14 2 64.0
2.79 512 14 4 4.0
2.26 512 14 4 8.0
2.27 512 14 4 16.0
2.35 512 14 4 32.0
2.32 512 14 4 64.0
1.91 512 14 8 4.0
2.14 512 14 8 8.0
1.47 512 14 8 16.0
1.07 512 14 8 32.0
1.19 512 14 8 64.0
2.28 512 14 16 4.0
0.94 512 14 16 8.0
0.52 512 14 16 16.0
0.38 512 14 16 32.0
0.25 512 14 16 64.0
9.7 512 15 1 4.0
8.36 512 15 1 8.0
8.86 512 15 1 16.0
8.7 512 15 1 32.0
8.6 512 15 1 64.0
4.84 512 15 2 4.0
4.47 512 15 2 8.0
4.52 512 15 2 16.0
4.48 512 15 2 32.0
4.39 512 15 2 64.0
2.77 512 15 4 4.0
2.81 512 15 4 8.0
2.23 512 15 4 16.0
2.32 512 15 4 32.0
2.15 512 15 4 64.0
1.64 512 15 8 4.0
1.46 512 15 8 8.0
1.24 512 15 8 16.0
1.26 512 15 8 32.0
1.23 512 15 8 64.0
0.97 512 15 16 4.0
1.23 512 15 16 8.0
0.67 512 15 16 16.0
0.58 512 15 16 32.0
0.38 512 15 16 64.0
10.38 512 16 1 4.0
8.93 512 16 1 8.0
9.4 512 16 1 16.0
9.32 512 16 1 32.0
9.51 512 16 1 64.0
5.18 512 16 2 4.0
4.59 512 16 2 8.0
4.64 512 16 2 16.0
4.63 512 16 2 32.0
4.67 512 16 2 64.0
4.86 512 16 4 4.0
2.3 512 16 4 8.0
2.31 512 16 4 16.0
2.11 512 16 4 32.0
2.47 512 16 4 64.0
1.79 512 16 8 4.0
2.25 512 16 8 8.0
1.1 512 16 8 16.0
1.1 512 16 8 32.0
1.14 512 16 8 64.0
0.71 512 16 16 4.0
1.31 512 16 16 8.0
0.51 512 16 16 16.0
0.47 512 16 16 32.0
0.33 512 16 16 6.0
